0.6953114481864852 -0.6616847493199357 -0.3679148213901651 -0.2611811730084503 0.23621261420576056 -0.28341676368264535 1.1547152655938977 -0.4072810856899549 -0.1021370211167877 -0.1906760321496729
-0.1505060036139695 0.44782922778462936 -0.2981661246156442 0.4928391793055756 -0.8614446344887543 0.5509064497295881 -0.8533295607661807 0.5471628639557832 0.6778127690371524 0.4197679604866918
0.7169941158769332 -0.717777141216355 0.24765522339455903 0.018019697254546937 -0.5480337939323462 1.5084474743944967 0.697900361303608 -0.6064591171630261 -0.6505411699614594 -0.9836446215525335
-0.6269340704444998 0.1686431132041089 0.18686089096508504 -0.9173835880184673 0.704419189450417 0.536771538559854 0.4166152437452515 -0.703614359768203 0.29793363421288604 0.03666583962365494
0.4627766515527515 -0.44494611269212037 0.28448343037220497 -0.18906292208669243 -0.8516989013031135 0.4758961541400348 0.34190198323059984 0.24702186685639346 -0.604489554799478 -0.8293596422416967
0.926548946163805 -0.9486527644409453 0.9466541169076007 0.5285776222299511 0.3565099876786734 -0.2604719248892006 0.5196427284339383 -0.8118735959004817 -0.6193479130008546 -1.1296064774570036
1.298447572317806 -0.8365216204182202 -0.8427662853258923 0.09137018633282586 -0.6039264245301521 0.4650989291431319 0.9124348898729666 -1.0986653819343193 0.2287303870473461 0.07899775395886124
-0.3399651261989635 0.2502032935156325 -0.033759005117162795 -0.7761553633741508 0.5898340649330486 -0.24948047909472373 0.3814158240072548 0.7095378302881766 -0.7678863555120083 0.20824792130070435
-0.1525514821420286 -0.2078233055268958 0.04995800179482561 0.775055081374934 -0.5105736631557474 -0.44568441795267155 -0.054415819178432856 0.5072076401799273 -1.4682415752439812 1.142891870258667
-0.7987659985471256 0.2387466769813227 -0.04872924450060238 0.8519499037310804 0.4617028734578056 -0.6774292057229756 -0.544316966179675 0.03445605493730979 -0.4556377428071019 0.061830409465103806
0.7103560460016695 -0.8471704373433544 -0.0625554604468787 -0.396409661417781 -0.016158502260784545 -0.10544077612130082 -0.7475339174308738 0.20399178783719804 0.383839034211078 0.7271176018940122
0.13330690715296042 0.9913449871553286 0.5512240870690985 0.10101057548882843 -0.9700593131592775 0.13984434789151703 1.6480714071500968 -0.48828267247571977 -0.7853311899174872 -0.8086968766630324
0.3793515309987353 -1.2819494242156833 0.3420517314963696 -0.6212209977602796 0.6600343588726396 0.2961046072456257 0.22835544010549486 -1.4168778347325492 1.2436973795305466 0.3288058977549132
0.3080180932033289 -0.2936992810280642 -0.35630249862051827 0.1979876206789249 -0.20669412530342315 0.7787750536752952 0.3314124721261517 -0.24892225521994982 0.003300542896532239 -0.9511545149273899
-0.5402982072340693 0.2144385317241134 -0.0625669479755797 0.4201423913699877 0.4452032550096197 -0.21660490281117664 -0.07937019378034485 -0.21085547061152635 -0.026663580083852306 0.8453872917764819
0.8339770599751261 -1.2588291535457596 -0.787934951633526 -0.7606331164565167 0.7422237219024574 1.1402731994940676 0.018539458201077174 -0.08759792503908434 -0.32400155394375885 0.7898540157339176
-1.5423703542169254 0.6644295421315353 -0.6701609375336828 -0.33901793884677683 0.8871438896772175 0.4514534779228871 0.918992609682375 -0.7230814105157692 0.14415681926405938 -0.047965834900025664
-0.172688614062259 0.523259142629937 0.34538595284271795 -0.21805247202749226 -0.027315405534957468 0.15251814515628637 0.3936402571994972 -0.17134583936387437 0.057560334264808076 -1.0112953406850138
-0.4551080124155005 -0.72809543781023 0.15308085036994606 -0.44363520593492306 0.8800177405857439 -0.3912425409307474 -0.15620847270865137 -0.32013594962201053 0.5990818950625992 0.7114661995816091
0.5863942821110355 0.19055015303567893 -0.27350272587155394 0.6058491711794365 -0.5330720833452223 1.1101573156768847 0.019171827244403365 0.529105146163806 -1.1540042426541968 -0.8336497351099065
0.7329421426445337 -0.014711373871207382 -0.34843587590676 0.07539515471576096 -1.211560415379872 0.31511152126285297 -1.0255800158427548 0.3228500995237427 0.5171409255003047 0.6755737540994936
-0.975737050646856 0.4481118221409149 -0.15801123804895936 -0.515418438350227 0.26207493954163447 -0.13445899228728603 0.7496775283328844 -1.5896327456107302 0.4584538577147529 0.4982680459135283
0.006908031214814936 -0.3788886505733481 -0.21071468439753965 -0.4461788832327119 0.7852132543863425 -0.11061834360634397 -0.1013527632316236 0.8364850982126666 -0.12209341276607452 0.4522880157487653
-1.155513547134321 0.28301638654795963 0.2890165670214497 0.5003605481145459 0.9524037660001401 -1.2684999901044083 -0.10376416853932044 0.45234860600109145 -0.4057965182684948 0.3226283132231362
-1.3986487718713332 0.8417139894026039 -0.5407917898323398 0.8094183903984035 0.10388209964594472 0.2985001167417817 -0.4657220493528281 -0.375567993795595 0.418150474428911 -0.032417106092527126
0.15701790778917377 -0.5364971803109138 -0.03677446160301291 -0.08278638757517003 0.16414932142189917 0.34829594763303046 -0.3222319992877234 0.713291050210478 -0.6078445759998216 0.3300218301847552
-0.5966990254743386 0.6925466388848652 0.7585521931460639 0.012931662635312318 -0.3873637715477574 -0.15566705513119466 0.24572665804824104 0.22696193904062414 -0.5740937234073831 -0.5227441636434281
0.010727588913664722 0.6306490968495055 0.2147887627044173 -0.17363509190069726 -0.7820257676476833 0.2004945811120757 1.0179148060136651 0.06296893054755813 -0.45468391033304717 -1.1506660206857484
0.30072192755503063 -0.49118788725625256 0.2569462317867654 -0.4141040562292837 0.8308402416906427 -0.06494902299992436 0.6531834817871655 -0.4649943698312349 -0.2969202996272402 -0.072625088886284
-0.588267076562446 1.350053622162832 0.5446301176577109 -0.18344238209071478 -0.7348878860800961 -0.14900777658441028 0.5347638803254435 -0.1959356032178088 -0.2955316232494201 0.024037870888586464
-0.7284037921255104 0.26794040320191936 -0.5243200114241182 0.23053788373780096 0.7981715285226014 -0.48393110197973943 -0.44177506129781835 1.3292760943846522 -0.6183009588591792 1.064560422277238
-0.9285603717326246 0.3984291724104906 -1.467967261073261 -1.2003314830583407 0.6031805884008637 0.08997558662617318 0.9927823787924039 0.30298353406888 0.7806476070131732 0.564527925027335
0.6963036286917231 -0.8951506229467271 0.29642171931999145 0.4286452939622716 0.0719924908065944 0.31435195888607154 0.3357167743462589 -0.23657799908770907 -0.3616135475225514 -0.8613242208509259
1.0571928101076793 -0.6392667962045562 1.3590543983065344 -0.7676345671031358 0.06247592559723674 -0.7245933921057242 0.6239449744851254 -0.39400462231195044 -0.3670141030223255 0.3005224620572471
0.2247372528344922 0.11249132824258835 -0.19021909832415834 -0.2598181949699443 0.24303537432964356 0.023228656075506008 -0.11944045157666587 0.7022610233291221 -0.6914590576998103 -0.673863439580403
0.44541413027430576 -0.7563904764255435 -0.3609273977247208 -0.35312422688443934 0.5300666152099521 0.11148640790522311 -0.5468368621044748 1.0224124106063495 -0.7260888017507252 0.35035228702677057
0.09913749803936897 0.7233112858119691 0.5519808399353754 0.0511600475945182 -0.8450871923865656 0.39028650786732594 -0.9959337701110607 0.48388668983920186 0.48515751180404604 -1.1592653135824755
-0.3779917354635771 0.7239103947678102 0.44984233385696437 -0.9419815917487845 -0.18446094340670596 -0.3236108931423026 0.4276157895018543 0.35733959272405935 -0.020330273605364116 0.21598328493029817
0.769860781090863 -0.4618062222945889 0.13998625661417943 0.09663714871076905 0.14204831789781638 0.058359921186387505 -0.07541523743943397 0.2791432330359008 -0.4946208210839957 0.056758132859928534
-1.6715161515589123 0.6628175044350167 0.7406319224093352 0.762477425048416 -0.46898679509795993 0.3996231132578758 -1.261900385807748 -0.0458167044721077 0.826985733725034 0.326006286759742
0.6753169416223002 -0.4484092000995795 -0.715825991490858 -0.12296197369807202 -0.5122161367418803 1.0178460671418048 -0.9424074666793071 0.39452643771164164 -0.2897744266979406 1.123530740324853
0.40185162963690096 0.4431875771795831 0.3583093208449806 0.19109393123991497 -0.5623299531959194 0.002049019765276396 0.10711904154710213 -0.9286395956093907 1.0598215644846565 -1.0914779331219808
-0.5222961266178084 -0.2984228050307981 0.836215087595723 0.41963216978200085 0.015031493972434348 -0.5275025393008475 -0.6360612118116586 -0.7276631835866422 1.1727151407083634 0.2907996625868058
0.28759398180625106 -1.0433309817395522 1.2641425633878154 -0.5021372579782994 0.5524176133919559 -0.984652593232891 0.33061105175476574 0.6491984166567414 -0.6187881394664829 -0.20050834426846045
-0.4269828067053105 0.42209826561275854 0.16039503256653595 -0.736548738995427 -0.10834096162615867 0.2714073002002691 0.5321081318921222 -0.03626796774243501 0.673618442072729 -0.6067425887688268
0.09945795977659709 0.38970893730261125 -0.7017054704750214 0.6045855424630231 -0.44925210046864006 0.7462922322583191 -0.43793125822050016 0.22571130228181271 -0.1916037052810953 -0.2507532770415129
0.21118726313555566 -0.5358995518733788 -0.27464996785490275 0.03232834781399137 -0.25496135083892724 -0.18755386578221694 -0.9142296268775383 1.1372094822292058 0.6844756587828839 -0.346097532688197
-0.1605663987469443 0.5289037022041269 -0.6637287566751886 -0.27932263493244414 0.2943359178662886 0.7429665531788882 -0.4492676847667708 0.25198644193932523 -0.23222155052463267 -0.3228678249667212
0.8144207801845954 -0.10802914560178713 -0.8039218236613326 0.6515000166436313 -0.21830299114437118 0.804903950420879 -0.7110553313637278 -1.2577932726252492 1.1125643189719168 0.2816045732707598
-0.3255042717189984 0.04454732546580217 -0.21739258361075317 -0.0212908703211791 0.9778409202919319 -0.16413847494331757 0.4363006926265036 -0.39939165212777683 -0.586598461831292 0.03106012500562738
-0.5306362896703153 0.11129441528443527 -0.006363508222561893 0.2886065396984084 0.3603707812217057 -0.20672636910331685 -0.3293365890592219 0.8715338842956194 -0.6918913228889784 -0.31560385186199413
-0.6968434668634476 0.40879328369874873 -0.6985465277575766 0.5530667038165558 -0.5518285665899009 0.44778949041478905 0.31887575913487753 -1.3854978180610693 0.5441770566162466 1.0052846592176796
0.6832741582053808 -1.033725403000088 0.0036342718650687893 -0.27273756473700234 0.4233888310454881 -0.48257208013190034 0.37223953060273673 -0.22625084495913966 0.18438329740664192 0.7431187180365223
-0.7052603240671079 0.20758571320707414 -0.3277394711047622 -1.4388684683826403 0.691630816581457 -0.5775809693683563 0.4878871501540902 0.33723033398668556 0.9749680805293564 0.273389948215056
0.5076044631893765 -0.238508014375995 0.19685764969572603 0.6464616864441379 -1.7747043947630554 -0.49757912035976415 -1.2830944256282046 0.9280074502056086 0.18599112597751885 0.8633845727267048
-0.595651485013523 0.7256389714703407 0.7965163138527757 0.7239663043311547 0.01665673759000944 -0.3579007174847157 0.09456978679896384 -0.04629573754902858 -0.004659644543903935 -0.3299756464636752
-0.6391252835992055 -0.5299591029197861 0.03683001401295286 -0.3176969407281522 0.6653596857158744 -0.3542185787898382 -0.42831670996164195 0.5580827483563695 -0.24694676850336142 0.8576290447908419
-0.41421420741190895 0.13801702633137308 0.0220810263973814 1.4157279479936948 -0.30743513743310413 -0.7344336963007454 -0.35543986981882336 -0.2601937379297552 0.31148780042606605 -0.05942105362076926
0.019968999057444523 -0.11367849814982466 0.28486511756194016 0.6610083180352274 -0.10108779694377197 -0.24418074559812003 -0.083873651013239 0.22972296022263583 -0.7038976102108956 -0.3299063868455113
-0.6242806706146686 0.7105667190025893 0.6037605044617134 0.3756976930993482 -0.8086544806585806 -0.04727121844741519 -0.463186307686837 0.651976079810311 -0.4929687551546037 -0.14590339217839454
-1.0631154228704762 0.392408032421205 -0.8482632846786569 0.4253154681026886 0.45246359707319994 0.24454191864387084 -1.2662635007643757 0.6951252642066944 -0.1833012984140561 0.585601141121836
0.45328993476506046 -0.8647143937752136 0.22752167743508814 0.9306714512475364 0.6924396555553669 0.4746136793157748 -0.8701874688439961 -0.7157165597078003 1.0717314109144083 -0.6941831357485636
0.8891662984493984 -0.6020072327989389 0.8677738581274811 -0.15525349567196975 -0.2862251510353043 -1.019304789833284 -0.5035574552574458 -0.2205073732972785 0.6230469719022613 0.09114681078425661
-0.700226809304349 0.43782895217367185 0.8192580087199818 0.9437426149989905 -0.8667673484208508 -0.5522994643358707 -0.4912979452829468 0.22721897772158292 0.5725051469926856 -0.12525747253202374
