-0.03178353429751302 0.08930953090814728 0.21326723735202913 -0.06717349784172978 -0.11027732925796828 -0.2478990516591083 0.11760813188469676 -0.10229630018935643 -0.003922945088219814 -0.08896664528620989
0.017867687301362182 -0.11542523051585102 -0.0002331587977311098 -0.03949523314235103 -0.06459025187472817 0.08863205467617741 -0.10514884804101829 -0.046415555509304075 0.07173197223295857 -0.001920324408962414
-0.212591432994221 -0.013702660685681378 0.023909350120047846 -0.10900583582369125 -0.15661044893269244 -0.11001074331639012 0.013308483770165143 -0.023740160967338553 0.16102502839261093 0.07185779847915481
0.19314330313859132 -0.0662727788615408 -0.042027972624984374 0.00703250408354099 0.0775565155715952 0.05544533896225917 -0.11386199590961506 0.014858812455667779 0.006261436595128384 -0.04150898159703285
0.14669819184247201 -0.01055372672953055 0.03768499172328089 0.24974329586409175 0.10649194194713542 -0.18165754643118187 -0.309052009719753 0.3297223216663428 0.05918700862587587 -0.250771069781997
0.12348382748980667 0.15207302835928574 -0.10872996893116549 0.12827034630772022 -0.03886736938481541 0.09221814783027706 -0.015071984894788271 -0.007757980099419257 0.19506561762722777 0.14119998084272903
0.051749696009469784 -0.04233382311501382 0.018874246180266143 -0.11782924987543253 -0.033413430019196444 -0.1469841520693297 0.0035873439034203682 -0.1255435115081458 0.015932292286002837 -0.08567039003757798
0.15789089847005258 0.0166354052735107 -0.01434130557580431 0.1055773994117064 -0.09368166509713613 -0.00700100865174328 0.20026032560072693 -0.12417334403320146 0.02742286633266911 -0.06121591863373436
0.03496433996178617 0.35357180802280114 -0.03088048709382199 0.11511857462914322 0.09237987193910427 0.1270999144211871 0.0024300229451369427 0.021774053018164406 0.023468411703735412 -0.10156996966659637
-0.17561754420367512 0.053237391518328465 0.1061455952754537 -0.07087353772354558 0.11302686121969652 0.12557192049841934 -0.21114940503843949 0.23928668848505905 -0.04323367202939564 0.061223303512012425
0.013823050172714757 -0.12267695966824307 0.08490288952224781 0.04855547916932584 0.07840160933089135 0.03633085660288393 -0.02084965263171768 0.13301563244289596 0.040476994664140606 -0.03819234139955469
0.10347900304454558 0.048134838269094524 0.32384393291524755 0.028202306949007237 0.054213365751880786 0.024305026214282394 -0.2185849770450823 -0.19867183240839542 0.12834857056993346 0.1739945474910111
-0.07375880239936917 0.04637747404931516 -0.00019369198586525926 -0.08383465668322766 0.014307314841115503 -0.12433999246223848 -0.10105390395738094 0.052642651962625485 -0.16082888084184785 -0.23755835351859914
-0.021514445103063835 -0.09141478282926635 0.0594453287777134 0.17518818313444093 -0.018036798533569764 0.1277416386641387 0.03284791680595661 -0.04918220733016984 -0.18200760457445495 0.09248776279414232
0.06922991655892018 0.19882503570536364 -0.016942577427268773 0.04344713062704017 -0.11957859396384131 0.1937805664625276 -0.17973977638181862 -0.11158771850299765 -0.15020058192430819 -0.07326603821754475
-0.14857500478005836 0.15024203179807416 -0.10999297613459204 0.04460485776613862 -0.09008562959293095 0.044252036330988676 0.024010876673731796 -0.10495588964232709 0.08823343239680158 -0.014824996443732821
-0.005978097373204745 -0.17565686018365936 -0.025224800477085363 -0.1509323564193062 0.13492220044030928 0.07825590926440593 -0.03420676942319829 -0.06401295325218925 -0.14491929923551816 0.14481019310396118
0.10230336350263376 0.1490926351687807 0.06265060162531694 -0.06205263043782911 -0.0934647853993058 0.00891396763923569 -0.05277289882863091 -0.20858155166967043 -0.19457061626349542 -0.11189442554732092
-0.040975810868415445 0.03268539172858333 0.0868936244631914 -0.12479661085891797 -0.10483167921614085 -0.019891811744085993 -0.2127010851434835 -0.05334300580976453 0.03274453723887145 -0.013464086870532212
-0.08765418832900272 -0.020792119174788994 -0.02035984116252025 0.11038067394836476 0.024669602928740136 0.20383762940314426 0.07648670524389503 -0.04763940200739611 -0.020317579372553855 -0.2163857652975455
-0.1048485879591641 -0.2970795223290227 -0.10826565865985081 0.10512317404151611 -0.0858171967087599 -0.07221878429192527 0.2617005675871715 -0.06655740210834638 -0.10330264155752555 -0.11185463216742496
0.0047863069255357086 -0.10584452849694892 -0.17828348924973372 0.1485233487671137 0.18632978792299773 0.13427851910394378 0.012257297362960622 -0.015393426006495622 0.21956993315133627 -0.10909368362458717
0.22222307829575969 -0.15170060465668495 0.04340191154897394 0.005902213315127825 0.045896491528454104 -0.1778939816107708 0.11221326525762498 -0.06266219084406417 0.25390671970367173 -0.17460141421831848
-0.06528174783719856 -0.027829704417680373 0.052717993671438285 0.18407986668846785 -0.07575026715860665 -0.07577558974123999 0.033963913343205795 0.24117636246297422 -0.09510337664024464 -0.09884352587849361
-0.08716378509672494 -0.10612029365502632 -0.13228863457322243 0.015118924448321833 -0.13500875547500754 -0.11764437782482733 0.10875827346031597 0.02483199675932864 0.04116642988378931 0.09271632285878169
-0.23379249225927076 0.09652482962411617 -0.14264623090162182 -0.14565389370030224 -0.06156027883915578 0.10086185533700508 -0.011876444541306942 -0.15324755899436537 0.08630709436150406 -0.2176034410894485
-0.07436250826080128 0.2587537685256897 0.13775609681343523 0.05081516714642703 -0.1446495158700676 0.11657770048556368 0.1712859659442993 -0.0361358393361927 -0.12105667100036553 -0.02665692215448995
0.06951531410587292 0.10014684222536667 0.040667115684773526 0.012837555479876233 -0.10635010181969137 -0.04986491570939445 -0.04458772371227994 -0.07477442062474485 -0.06409296924116036 -0.1804840162388264
-0.002318280871662906 0.04884146913839659 -0.2429794314757622 0.36012725936794315 -0.11505445910377289 0.3090010550948787 -0.10030619118367294 -0.06156756664902229 0.1829089817974278 -0.16958209638195304
-0.08179411477080988 0.16612859305862426 -0.059246019416823406 -0.04746252687526115 -0.1521174013378108 -0.01322973928172588 -0.14297624937935863 0.10304275807440721 0.11261217503881887 0.10831959681481951
0.26690552371776743 -0.22612421851726267 -0.11986516643366063 -0.0788302731457784 0.02852664500959382 -0.27059351419506733 0.06908482673243575 -0.09398405781864501 0.14727224930279614 -0.018642851586177976
0.05203812466433512 -0.05785713781368411 0.08916965500272221 0.08333204558259917 -0.07164647283589723 -0.08684984274395023 -0.1739178284707731 0.12354765893886122 -0.004769791597944759 -0.15862356994618382
-0.09411785318149019 0.14785256707971756 -0.12519885658522562 0.014983414223195702 -0.04901816453541459 -0.12303686233015435 0.16135794937475392 0.05355939626001551 -0.10426461123399686 -0.11013670460297918
-0.04207877924869094 0.034570291140716754 0.008768739617211599 -0.07135838265033799 -0.24593176883047918 -0.02427034018470848 0.0912098796616094 -0.06354885598298325 0.04069922287533949 -0.06723039588263727
0.10986458480651268 -0.1306982014706625 -0.09014557551430882 0.018710617760583536 -0.22069177759223374 -0.04964587723020307 -0.0993971957413036 -0.12851962843427228 0.02210447297658295 0.037986632055358086
-0.031179012993774985 -0.12931078219447875 -0.14937460654808404 -0.21221789563244223 -0.1065039061044663 0.09665413857144943 0.29687075874539515 0.07979833820658676 0.02003739175582653 -0.035170246805677575
-0.030607233639714536 -0.039164279193306575 0.05699883531201418 -0.01955276620572979 0.07844224605054481 -0.025404961092665504 -0.0778605352497103 -0.12675244112884845 0.050138559243098076 0.06359452062531262
0.018818287686212753 0.06179942811979848 0.10037586062100602 0.1329443908417112 -0.059288854291042546 0.09985176353367824 -0.07532651346498324 -0.008626383549959014 -0.08783313918452097 -0.1356355568960245
-0.07682683583642325 0.033762611643339525 0.04658522332947439 0.10708349560314498 0.025435634826041054 -0.1394597436722042 -0.013677009850254326 0.006597066503849728 -0.11497583268762156 0.11085914716173467
0.19227461742356713 0.16503069942204981 -0.05604861465367048 -0.10090744533110593 -0.17641413411187673 -0.09164869605207647 0.08140711800437617 0.0937600108726898 -0.0654670887552695 0.08186046401979603
0.04878524536124094 0.19204580036328014 -0.16838613091966748 0.025431189383485455 -0.12826126067100826 -0.2334473778468228 -0.1208307048253271 0.24328731416990393 0.08638476348609557 -0.11046240270411233
-0.14433551691814056 -0.0787079666528044 -0.02101831990237419 0.0256963906899867 -0.2759466501467499 0.16373275648439778 0.09161449427458956 0.10292157541998674 0.006443872667126553 -0.06091806434795942
-0.0028700984329228453 0.03170458946587226 0.3627137179240559 -0.037408020282995294 -0.13227561616084457 -0.18361426325600191 -0.029246717893813293 0.057120595911408716 -0.02982588683606249 -0.04061155647000554
0.032611334918049135 -0.050753890140020276 0.18077211782243283 -0.2036877075821791 0.05812914355324063 0.08533244927899628 0.15011688517229213 -0.12284987329977214 0.13985341724573827 0.22260614393681236
0.007731453717348754 0.16774075844848868 -0.11320775136086743 0.12370993764749147 0.06365509762841234 -0.003935904885409348 0.18956702694744315 -0.10366454641411345 0.07202872140295022 0.08322052895382501
-0.02114663743691898 -0.11462081117713414 -0.020950015756010378 0.12237054363658272 0.05725266875693287 0.04589480106910233 0.197205981581252 -0.24697705355983582 0.03230439552191902 0.18308184165724647
0.2912086513039409 -0.14382743908444529 -0.07802519506515698 0.07036979754701517 -0.019714034737020054 -0.2320582502183733 -0.1227017916324976 -0.09401435082461902 -0.04932956308222187 0.05428798290352434
-0.013623668034400573 -0.02713855032708093 0.11320270680117012 0.038955394513678764 0.0918412770746366 0.24214575559740265 0.13498235215434803 -0.026651335579985513 -0.0008836200922453951 -0.16224583204482346
0.22117467792685186 0.3505486717571974 0.12123609971526186 -0.012533365387923334 0.030636070352701536 -0.1022467779002513 0.12713026896251348 -0.04860553541929844 -0.3238969762463161 -0.13799390421223875
-0.14338324333725236 -0.03060262083425857 -0.010145691383783833 -0.10680398949148347 -0.08689773380203597 0.026185479771139636 0.09926780342500165 0.04617066061648635 -0.05347738348794243 -0.16005587059166956
0.06744376249176603 -0.27327394845818687 -0.09229507134329915 -0.008529135291920122 -0.09189747549264929 0.06241485564324181 0.20485205262318998 -0.04413170183533929 0.036039458164656445 -0.07539438477047077
-0.15366514003201465 -0.16220250263705793 0.11436824694654622 -0.06493433939993486 0.0767828824680489 0.08130166700072324 0.0035871906783958778 0.18842141226654432 -0.1690897934286891 -0.21753629045958162
-0.2557539684740975 0.09677334501636982 -0.13891493962275814 -0.06098481378164022 0.01105982243821798 -0.1175652692606746 0.15242558747247895 -0.09590518878373598 -0.24228480588274007 -0.03946688164787514
-0.16383995042297786 -0.014825559888763289 -0.018491271426255843 0.18135645235620942 0.18128341109053306 -0.001951191599620605 -0.11126930433482571 -0.0009021902503264952 -0.06240958741949801 -0.38356695624772996
-0.05980502496142294 0.0626349402083653 0.22528506649956906 -0.04756631595986577 0.11614653724892905 0.36195056365450445 -0.21537128864615893 -0.15883525443680738 -0.21915941393284777 0.05468686949804792
-0.2277128311539773 -0.006224555151253357 0.060105495677029004 0.06280644974930803 -0.026369067547592023 -0.1605254419464093 0.02530559967860162 -0.322512759078656 0.23096345315092412 -0.17061799419533957
-0.05106441331163897 -0.10384765724656145 0.1798774177409029 -0.003048609784476766 -0.25466880285512566 0.03216488066265022 0.07756847467756381 -0.015715456021524216 0.14501275841504496 0.019591591326587453
0.1449074769345775 0.07400030597295239 0.12495401629716281 -0.05518487717073841 -0.145018438987398 -0.03403449174085206 -0.0660817583514296 -0.10103972494839891 -0.08985691300649423 0.2278463173500379
-0.09966710669137654 0.025475402020691033 0.09086176085389228 -0.08750967565667117 -0.05320137922406813 -0.021550370280190054 -0.049286608259130636 -0.09747922740842137 0.1758664330671975 0.26378978335899567
-0.05821340632916785 -0.004898538113678463 0.11958184334608418 0.005204594162657129 0.20758793034620507 0.12831443606245513 0.04975264860907944 -0.09065143097537466 0.3103795894425902 0.17794740608043713
-0.07185544207452287 -0.08159192150359619 0.1046562512557599 0.11705851688670671 0.14286136286491605 0.15051470827429447 -0.17011699642912126 -0.21970130173268976 -0.19196078647893178 0.19078373244157432
-0.005592699630885913 0.07183545632219446 0.14587719350259096 0.08920180669000972 -0.017380423022098298 -0.18137995398357112 0.06476004999842974 -0.010941781940425764 0.042954125551486165 0.002252309260571041
-0.15457826331830632 0.0002986971110835699 -0.10209450882437554 -0.10377396417256242 -0.055499599877610224 -0.05771329520689293 -0.1257945253949343 0.14827354668715464 -0.11829087871642507 -0.030441662866211257
0.12135765687651402 -0.03580612899283585 -0.04955134488435594 0.045201239866907404 0.019388771826957838 -0.11141578226444511 -0.0077938808223255995 0.08994094079609752 -0.03142524221262439 0.037931834396011735
