0.24550073471426506 -0.004156204175875814 -0.06041744173972181 0.08339883042586994 0.05068339987170128 -0.05102197747163068 0.08246294062899191 -0.08902745224796754 0.09281745145475927 0.17441623478577817
-0.0556218910874622 -0.31211417277249215 0.02311468876522061 0.19185956296227366 -0.10676778601732738 -0.05885557009314396 -0.07809956406285444 0.13976424766290554 0.054116070857921576 -0.07460832273006428
0.1795597941562025 -0.1415067087537847 -0.054553292795265336 0.03455412935133923 -0.09575101833276578 -0.005605494149651976 -0.07296955310761029 0.1826216957853373 0.04017264397758706 0.11934202087806679
0.11005412818652544 0.07030225928770727 -0.2047569763214989 -0.061438546912152295 -0.1203723034442365 0.1712432171000639 0.0691942511635948 0.16536998063374939 -0.05517597381327725 0.21408614176329907
0.15954239494186334 0.02413999167818907 0.08438259504348535 -0.014185166315275154 -0.1864937036204353 -0.15583261775604304 -0.0013264488346417405 0.0094474539623805 0.060582449267132826 0.016985004445799107
-0.10354586541620431 0.3336380124430079 -0.17027366164069843 -0.048360545069146034 -0.0021139499229203672 -0.0808598694124586 0.12743530444887097 0.08346574442094805 -0.036131057889367685 0.017012549920761764
-0.07762957302000492 -0.03079873882124471 -0.15596593415804735 -0.007183236919261763 -0.05198369034486617 -0.017667324099418753 -0.04105259648692001 -0.11845194504015645 -0.13385947055256986 0.1286945596083313
0.132145014987554 0.1863583330189647 -0.08004538154535316 -0.002809513242430943 0.24781955033696032 -0.08728762724945928 -0.044341055466919806 0.07430637623964567 0.034617302963652556 -0.1534568128910277
0.008136085004529925 0.07144270754335119 0.06663239135205955 0.005762758472598135 -0.08460649316772881 -0.06672124756311301 0.11844106639625024 0.0014601365000962987 0.04715828473607142 -0.08997511927151587
0.03617092394353281 0.2476126807382191 -0.0637558805242883 0.028468283958453994 -0.1263761685049017 -0.018121854167936664 -0.024539778489918986 -0.18721732977083247 -0.028623027117479542 -0.07585684118388474
0.16996541410233118 -0.2701559128210364 -0.011556561683702147 -0.17175202484198446 0.030802868655939692 -0.11099494093292224 0.14488646717596992 -0.13886793073582568 0.0377609465898455 0.09394601680212278
0.06328966750813508 0.007573860483886602 -0.0041358880968679936 -0.05305741718685141 0.07292305950146946 0.21514788291452355 0.23788242560663858 -0.0010898378553300114 0.05575141788290266 0.20250825189553764
-0.04814874091030998 -0.07384324912969964 0.030876927133322227 0.12971455893970388 0.1133743056222169 0.03396164586347223 0.11437914993290771 -0.056536524775250875 -0.027017175798313295 -0.09624585540087956
-0.09607035187789538 0.0017451267515859077 -0.3060092721782757 -0.01306892031661059 -0.04669873128028701 -0.007005896495764382 0.017643073946206376 0.049126426726698466 0.05181481803544941 -0.025366894738821977
-0.19174436946172504 -0.03496948743784611 0.07825562477641804 -0.031483125797355835 0.014698789748210284 0.11538362717852861 0.05764528895618131 0.043494674024673746 -0.16240227126437337 -0.033593221455292484
-0.07786079905635909 0.03960876452464338 0.04219217361820153 0.01550547753383464 0.09434711973068605 0.006412635542382495 -0.11575207669842064 0.04047298015609256 -0.24076572824168838 0.011845041327332237
0.04887156247628567 0.05530918167536493 -0.0636393043839494 -0.21414100477412223 0.13849226221268238 -0.10929432129635136 0.17173466226829293 -0.060742321437470236 0.03783119143846732 -0.03982119089661512
-0.06422522301725242 -0.028913057357482588 -0.08669638942503802 0.003527090463893896 0.00028847777997190253 -0.16504230969485656 -0.06857974350917179 0.012844402161380603 -0.013768402172197883 0.17007236465766
0.13330216439436637 0.10834123147819331 -0.15740387421579763 0.03799434895643328 0.10164500567654768 -0.11757843958023316 0.10213270129090399 0.06766054137021675 -0.11137323780439048 -0.015856459968333007
-0.023370036379407003 -0.1283974338731084 0.00764351916448345 -0.07020820573280359 -0.09367653839802209 0.09519918226064782 0.1928890846505999 0.23028160839668843 0.014882394595347336 0.09921681129273573
-0.05256967812483915 0.13296440149254374 -0.07577786439748978 -0.14545315334440723 -0.03875785460352606 0.11376181628758888 -0.15305916293761493 -0.18440986774149512 0.02474855825534619 0.16181334237243572
0.0998847057092336 -0.010517340684526996 0.02405167108673309 0.15443545649138285 0.04036217431537005 0.08794785327289799 -0.06864999089897181 0.12425247838574893 -0.03068919868180148 0.10335573499965857
-0.1325519303012836 -0.06273902311845285 -0.09364797564955371 0.07006411170165636 -0.039673543110384506 0.18329621142857716 0.071412293918148 0.03859420628760605 -0.17894111280701314 0.10734197759070575
-0.058248881750914056 0.16427462555333833 0.145239713951465 0.11712415889163215 0.08309868081553162 0.0978190080275744 -0.017565614653060075 -0.014921519153043142 -0.18258416310209213 -0.11502990403832067
0.08399134591075476 -0.09105201451684605 0.055785526008951807 0.0912640712108744 -0.08183034449305635 0.07620475112167165 0.1136166708496364 0.04447958583368783 0.12143964255028218 0.07726171620591428
0.1759817632962493 0.13935072171620458 0.06448703653921224 0.11398539938695744 0.02373090638743386 0.01316856225662387 -0.017859592174774563 -0.0218578478537008 0.027251498320218552 0.07716175436390638
-0.034130925961130744 -0.08121885983467249 -0.003039467764448345 -0.031354241291244124 -0.05026885630709833 -0.15416295262493807 -0.1166554629048045 0.14964766289772238 0.03076916185324104 -0.08626742076011742
-0.03551598839498881 -0.039917676328211235 0.20792983003941182 0.36359265384923606 0.02284209337819739 0.08314191377556052 0.08299032373909032 0.2604443381714666 0.021319518735103595 -0.21747254404177588
-0.08968238886762497 0.11796548653960202 -0.054023162094777956 -0.1592413783076918 0.0421540920304516 0.07362316268687959 -0.04145743941384584 -0.03527589810451118 0.009647086957414884 -0.06779153778474202
-0.015533057226745703 0.2413662819692517 0.020916478789994555 -0.08512737946813077 0.052375468010297306 0.043917740046569724 0.011453268352120278 0.10580622788797923 -0.1030963491062302 -0.08190150887635107
-0.06877399206206523 0.3099054121381618 -0.05996733670543949 -0.12817653930832643 0.026589498735931364 0.007928263966834078 0.16527887729022694 0.09555870970933973 0.03986418973082101 0.18714240258328355
0.0693602064811747 0.1374449511346784 -0.17749469331454384 0.13831014928462687 0.05128092597142243 -0.046694994303311775 -0.08293812762051532 0.18123170508792386 -0.11957388645710011 0.11880601390666644
0.1346558148552135 0.10942611301366698 -0.048644970867758514 -0.11841201010345545 0.0445565183553715 0.16778266573811942 0.019772781126163846 -0.009863670670003644 0.18839617199444422 0.09451627729228575
-0.1905521334440535 0.06972629598258127 -0.12817986616259786 -0.1588836254544555 0.09996838455395103 -0.10465054986710172 0.17627792513666027 -0.006522402357396056 -0.09821854164983591 0.1350756053339454
0.28770966193051306 -0.05347903575666826 0.13046243840365998 -0.08299648835673555 -0.002439990037427924 0.032642071520006116 -0.006801569625574591 0.10878744950183969 -0.09746398063518948 -0.17761279728715662
-0.0404292810788377 0.18968968431763608 0.06086915074990582 0.11826184591331494 -0.07287765134901254 0.14313290773716786 0.41445233151295224 -0.10175165330442928 -0.26499281500891614 0.06872416829837459
-0.14363386637273387 0.14786669473277173 -0.0037532668572684614 0.26991693851138415 -0.1172488951137251 0.18929982579268656 0.21031202740626748 -0.3302026104804977 -0.21461195559208468 0.10876627068784117
0.017032841879964667 -0.01850802836765297 0.09038174581454292 -0.017492034795604117 -0.131068225620819 -0.023416815283400602 -0.09697755796609495 -0.03225421714295859 -0.16026969796358875 -0.028339330585184057
0.0917547927053268 -0.040162199140043015 0.08215273025744897 0.11825254214334344 0.22491561611152938 -0.10639696344034263 -0.09675607162254299 0.00757662277036943 0.13942935532450954 -0.10520477009695255
0.31473719854055743 0.22008874171295356 0.036952150631106524 -0.10282597711569197 -0.006629661114624678 -0.013162965329874692 0.012818093045432787 0.09872461972593384 -0.11166001959630877 0.05827957660896138
-0.03068981611605285 -0.028183097419726657 -0.29475279105140817 0.0024771876175324285 0.07922752305046796 0.13684048214236827 0.2840127849374895 -0.13040836102026565 0.02956621736202132 0.09084645336468761
-0.0074095336142060795 -0.18946459773683097 0.08926245611194271 0.11678044379043331 -0.12001376335325176 0.1624700997739117 -0.06596362757054082 -0.07330911697348957 -0.1211446592765405 -0.17794829449877633
0.15023036996372602 -0.20486049618561525 -0.261823721817148 -0.02419462743794407 0.07580409918405835 -0.04356752379463587 0.0008802589332790149 -0.14433056160547045 0.033805239254703356 -0.03233389994162224
0.1097822760173223 -0.15588691844924615 0.11558992669151354 0.09826568629385013 -0.07164404551402236 0.12799328721516337 -0.10825284645905245 0.013718646477426943 -0.09149976386793096 -0.008624414573517028
0.02401118698509866 0.017826656873239737 0.08826106628446345 -0.12657599156608243 -0.04372834366455165 0.06607710491193824 0.1057257438336094 0.04495261803456866 0.08102649678763485 0.06140094975543211
0.11197524069764019 -0.20083614348840176 -0.14488193303822441 0.21443216062674772 0.0015631771377801165 0.03597620011696675 0.020508731385823136 -0.05353965285592546 -0.11449599732158966 0.06901101493390847
0.0012325509098992482 -0.0761993693746132 -0.04089738652526723 0.13198371340166348 -0.14166809273311437 -0.2046580250966545 -0.0436698309937029 0.12404429142992461 -0.10445822299025277 -0.019109401482745914
0.1715597730153059 -0.00479325054592413 0.24665266187986654 -0.028868887852895837 -0.23985287851862716 0.013012893948642341 0.03368044021515729 0.02677012440496746 -0.181912758700929 0.27152395161698123
-0.05320190508375223 0.06096214848414777 0.06491629504093546 0.01212697647795481 0.22228947810785032 -0.004267457355517886 -0.2862174972932143 0.1931429086748771 0.05589118095922772 0.07480882388927505
0.10330580596049503 -0.07350117063812814 0.18579406625444952 0.015921980080165276 0.059211799297484935 -0.055468343046157685 -0.028432068580173296 -0.3937396462450716 0.008816927789649346 0.020260527332556583
-0.02024979858849529 -0.06629501965445964 -0.17991452074267647 0.2422984070352291 -0.08116969286784315 0.03978538834178443 0.06259437156028001 0.16344543974476047 0.03527273590344264 -0.05297752377051572
0.004894880111042186 0.26769577375313985 -0.09159391021045067 0.1181311536264912 0.07543277973063481 -0.2394946295414057 0.1597516719298279 0.08372987432066502 -0.01506033631734533 0.15638241447251147
-0.0046745087463646 -0.04078147946365964 0.10079856143165974 0.2948764700388291 0.247382020309447 0.1702581567942315 -0.043238652538667474 0.023750608586075167 -0.004094379615319141 0.21123111618034424
-0.11743004916589224 -0.04253067453831951 0.20548752454888045 -0.06319747981855829 0.138555814351178 0.2688108340547265 -0.12213579344966492 0.1306420955480375 0.12145318088039049 -0.1121080460780884
-0.05301622632224949 0.04218028494238232 0.09818858614124276 -0.2005730498607001 0.1951591944248994 0.012114047993122476 0.01875685763700267 0.18683729313739156 0.11034294149310246 -0.05126916569150627
-0.10791693070158985 -0.016333203187841618 -0.2590471491877835 0.10935399353128249 -0.022055884101065595 0.12329368286052184 0.04562406430692719 0.3012081012000115 0.019187872103984753 0.14805660089655487
-0.1516162709402566 0.1659394663184972 -0.005182109122876272 0.07339377512304013 -0.1805650697060074 0.13209265717459243 0.058484554629721845 -0.09504621026731264 0.14452188864924678 -0.017962195701429536
0.2261310969636871 0.07418829635557349 -0.03870829904785769 -0.2032327877609505 -0.043435749281230396 0.13214984011472022 0.0489589234543992 0.25444146400832 -0.06913274739263792 0.08806013445354553
-0.009490651273366334 0.09156247460057391 0.10336525657755667 0.09597754032772882 -0.10263300536702133 0.06315535928461324 -0.258573658300526 0.04934474873258514 -0.022837194084398237 0.12738761168123308
0.1224792528714052 -0.10056515240573231 0.03241067553664942 0.2979158941933235 -0.1348248645493245 0.2031250833731213 0.13743568764611871 0.12253527138808279 0.0961193359063739 -0.315639396243844
0.16139199637410176 -0.18581134350264372 0.253353342700411 0.1561321351943972 0.0161506120844842 -0.08200448004035858 -0.16588032063281044 0.09316880049417627 -0.20126424383291716 -0.022693922579326325
-0.008267834493549583 0.21324927472984395 0.08315960183866872 -0.11621394636353596 0.06860010669947118 0.12632213800517098 0.015780310558750024 -0.03197444870981977 -0.021015486299058205 -0.18348430919862987
0.13292227570087314 -0.0873961606296479 0.052884171573867114 -0.06354431080995013 0.03333640683047767 0.07107822178299895 -0.11629103750090847 -0.07685690104457749 -0.1530576588338848 -0.0074625593762637265
0.08676874558968446 -0.09684648568240756 0.013308811686795327 -0.11486092443951512 0.03369703786263981 0.026506995975939012 0.06460463627172762 0.10504042377906506 0.044945183436104826 0.031996357160766375
