-0.8536856432321456 0.3723270188650634 -0.7196914230666526 0.487350033316372 -0.32593681754219656 0.8134377925739222 -0.4334185305574671 -0.4570175335246231 0.5507059192410549 0.22068306154473297
0.14275217229786505 -0.47971660909150166 -0.24724229901318054 0.5408066366609798 0.08701261347382842 -0.0974906156604425 -0.3953041390482746 0.3868281137221844 -0.5483463655877119 0.3887035575663107
-0.3973342418140094 -0.8072128926853307 -0.4173107415427392 0.24310243185873012 0.6558488914203442 0.2507676115847437 -0.7272875252339697 -0.08080901724754973 0.4548179042785474 0.7559152855819393
-0.3994703745665441 -0.011986292839656179 1.3289228146937855 -0.32131814196298647 -0.39080663884851025 -0.5897188678219542 0.6024110564563547 -0.4253962229091785 0.7328506379828988 -0.3986521408951635
1.3357707821757565 -0.815306179450798 -0.26327068248579205 -0.4222370850517176 0.3623017284962358 -0.02979064491779903 0.36404470229709096 0.12913557484726393 -0.264825688047492 -0.1368102283535499
0.6148564893286271 0.1290416660521909 -0.5384192735873405 -0.17905285824193737 -0.7796347318638851 1.267013743235769 0.018443758499538304 -0.355354988633314 1.139206572788661 0.07560115017141811
0.9667541571759829 -1.2719120982878258 -0.08328181956590897 0.867645630673995 -0.2503187260033496 0.39698288273642035 0.01839643224198826 -0.8607526034913203 0.16012978665841637 0.16617707711700053
-0.2405756996029287 -0.3349197623331892 -0.3348664517892946 0.3951485632403918 0.04570180012720354 -0.2776901080398331 0.016062841253271933 0.18377065758409192 -0.1451261291882829 0.7276835857592381
0.3984490782117834 -0.31659796412227975 0.15075707922119178 0.0761113161603115 -0.30930090174712216 0.7523071774653456 1.0171954313775466 -0.8734258702574645 0.021172995771681115 -1.0503429698628366
0.5685309878793273 -0.39598237878401066 -0.0007881129878074822 1.1779340548342407 -0.5212008189393397 0.47349941870865786 -0.7342626438951245 -0.6696619290793812 0.9932243028027501 -0.01711850691148012
0.7617006289214113 -0.18434048351604435 0.678443558267051 0.48310367382232117 -0.54875804388024 0.029633168978220818 -0.26987191097620794 0.04784883490723713 -0.18272250910868384 -1.094448148669556
-0.5514463784085794 0.11862721246397827 0.12253548876871928 0.4969324930640247 -0.7532865928479062 -0.46639211295860916 -0.8112367817635424 1.2531305701099453 -0.43890566734934827 0.940366272179536
0.42930937057044166 -0.7684938747936455 0.9739001003429876 -0.5865062070070164 0.6776358564430197 -0.6749445111831333 0.9880670307161896 -0.6576513405589963 -0.5160760999069575 0.002137124367867043
-0.016172571241033967 -0.027136701376136066 0.6680347510003504 -0.23211061844374845 -0.2502212002835832 -0.3701362908000847 0.11191519109264862 -0.2727266939924576 0.5218976814978031 -0.25272967297513566
-0.04370836557692978 -0.27069388336430283 0.4392615394661439 0.21481950178199352 0.2087515239623709 0.3874099178836468 -0.3610993675984231 -0.7197172898935368 0.3987291356316267 0.01088204638802865
0.4786040331600664 0.6520495469273615 0.22696786389430168 -1.0043386183458218 -1.1696670664560032 0.01400317411452095 -0.48212946595534534 0.8369237990125599 0.2894330513542991 -0.18048938719792715
0.05940250810365987 -0.1930439439314428 -0.19364240655141127 -0.23991835896713454 -0.19255775512455678 0.3903496003166719 -0.22878419795943325 0.9179113518101477 -0.3419342309239569 -0.13979954292655883
-0.44321310529310864 0.19630482436178948 0.2956623899519976 -0.5071318178433597 0.4300042435312629 -0.4747835075724677 0.15330517195521712 -0.7071989448545775 0.5168646332325127 0.6047949443506754
0.6623325070380719 -0.6705325129131562 -0.673547152810024 -0.8956497027543816 0.4484630956400447 0.48287469009614103 0.10781928305319771 -0.14573855114338172 0.7653248560369124 -0.10154027354728691
-0.5390312460594037 0.542502097851372 -0.7237520528392835 0.013041000578012309 0.48488180136817216 0.3638034649582407 -0.09098073624029339 -0.20948786347363665 -0.10587838529526773 0.3144574682356059
-1.0696737925036888 0.321575028836874 -0.04911343361933805 0.46514705973166465 0.5140529229106664 0.11190813530315566 0.231788081443443 -0.6922830959558444 0.08916896360950335 0.09708395379126979
-0.6392532607188637 1.4433777109705344 -0.18029436033332882 -0.16799962764432835 -0.3609402323653798 -0.014198772739969912 0.09658745406545205 -0.2005086323966669 0.22048160947679218 0.016678911913558064
0.6269596077016881 -1.0013298868576648 0.22802002334512986 -0.17916985099733876 -0.062036114226642985 -0.44148956741301665 -0.29450787944483575 0.3715820447899633 -0.2949950746467811 0.07464315212674022
-0.6768241881806363 -0.20630105515349495 0.35887629559875306 -0.3483810667893739 1.1749489074229589 -0.7119720638395628 -0.08282807184630835 0.6855344471131937 -0.7361678331877233 0.43170997247707404
-1.2338879929084052 0.44965613865704207 -0.08423334894896337 0.529748423436134 0.5475095873949364 -0.5673063839593938 -0.21947851358477566 0.7198528610257874 -0.2306589481340626 0.4583149963669438
0.35171348587597995 -0.7602965744599072 0.3335366476099411 -0.1377352160542115 0.19125068715983937 -0.029817411912855966 -0.02882153931271933 -0.40192530118086295 0.27705346535312636 -0.06288576785949367
-0.4131065086502281 -0.5516839781964724 -0.5344783192480759 -0.5207797104653321 0.632901638699644 -0.19464134089942095 -0.5492003415056703 0.9500388672426653 -0.09349015035355648 0.8815434825778217
-0.7565043116231751 0.6429896276628072 -0.4643008132746208 0.027475376842524473 0.5836478573490264 0.7887556932277613 -0.06047310094708393 0.6443908977728032 -1.0303097193985487 0.04773352689125511
-0.26631963607129683 -0.056027257395057935 0.11986315499119575 -0.30924744776596136 0.5480697618685261 0.08554944201529761 0.8754740476369335 -0.7640478069526611 0.5560690375729471 -0.7852374107087366
0.39240042075515125 0.3115249920600984 0.32125731223385867 -0.075030220899745 -0.898250664441281 0.2132659814403346 0.31464169164192546 0.7242650158648521 -0.19504858863099322 -0.32521462773516113
-0.3458033028893313 -0.19596733710384598 -0.9060676719883265 -0.4615982615460062 1.3887264054532142 0.33911516509069844 1.366296142078009 -0.06886333696502508 -0.8887684025636731 -0.33963531390757834
0.36826346020290934 -0.6508226093266345 -0.28759380881023494 -0.10794344310078337 0.03192385820202579 0.40835209459150384 -0.5048795951565684 -0.2981766344490278 0.32151406484702627 0.5458337858097901
0.6695992268168153 -0.806045501872991 0.3939977411496718 0.49953190505777306 -0.2746852548932355 0.24870840174894165 -0.3903260986579945 0.028372890845347092 -0.15470416295121028 -0.6844007948220497
-0.18577959398788316 0.32218726852132945 0.28358584543063825 -0.843964174410053 0.17946955108135978 0.11281700146991062 0.1154970939463117 0.18792809062938626 0.1699314324275767 -0.18517328530063729
-0.7862265804579879 0.8156349995510458 -0.5905604340431121 -0.478000046566362 0.5270540311544708 0.07153013744713504 0.12297188890563786 -0.8732098891476507 1.0562045190351568 0.558052207144867
-0.806634788007588 0.7555915377948296 0.4288885812459675 1.2164346358211944 -0.7382559862152785 0.16042807746527035 -1.3876463985262901 -0.14146594070779103 0.780444585486096 -0.6397306303382944
0.3732293563652927 -0.5513959885342785 0.19319036012974536 -0.28286306099797986 -0.2156605744043785 -0.30328638777342265 0.20264707036693416 0.6012765293906573 -0.04041704076692749 0.16297405076921173
-0.6812962059071898 -0.5316152519808718 0.456977374790683 -0.17771650968698513 0.808301813399419 -0.7611451476786366 -0.5262302497542631 -0.03724848136051929 0.521775074091574 0.9160196857388238
-0.8833115103048239 1.2184602295702984 -0.06667795007640166 0.5197871139274877 -0.5175871606832709 -0.1581440850927276 0.2394351694574669 -0.38958848360664794 0.5457615301501285 -0.44186810260892634
0.5815976839428704 -0.14675548653457907 0.27093131182387137 0.5625189752557983 -0.5907017070058478 0.4179830596140772 -0.3089505557591042 0.8874552397780068 -1.095323355858281 -1.1145554067489238
0.12432433328758605 0.10705291074958567 -0.22039930166788602 0.07389668103968289 0.11842396837967972 -0.11467620169940296 0.14222643762101309 -0.1822718526681716 -0.15843437016412001 0.061250293855013314
0.46406977616002754 -0.5481899787095097 -0.2575641924271157 -0.44789425844140013 -0.08155507394812078 0.45958700730224405 -0.03281227591878549 0.08465983062205518 0.2192599994339625 0.5688472429025827
-0.5896973001197892 0.7657326658658744 0.1482192250066166 -0.1607359183484782 -0.4207881237059107 -0.6373681063180677 -0.23839035251392293 0.4908622546168429 -0.28750954980441096 0.44594154775415507
-0.7344876392317012 0.680900773431693 0.5435585148675447 0.8563315434552897 -0.4463510876220391 -0.3130289294914184 -0.37080011051316053 0.001532515519480083 0.03143255759385103 -0.14167377502414305
0.9602737515057793 -0.5000429696848712 0.22502491373985115 0.07534388059875842 -0.5158914151153313 0.2628966803818677 -0.17271734860374174 0.2048943487442154 -0.09636590940044466 -0.18754593106398937
0.1450947967351251 -0.5133046645220111 1.0659695169696226 -0.1804283040794828 -0.04187889042579566 -0.5619885604727229 0.8973036315549014 -0.2874899328472482 -0.3995672603565136 -0.5826036926278676
0.18007719109685083 -0.41912310644894724 0.14255258872547397 0.058229678547714325 -0.7450786050933144 0.1388587753662352 -0.818404568660956 0.8496781498862439 -0.025500855370232015 0.6671220886391546
-0.6205008245513378 0.5487477465449543 0.10138730160958992 -0.3380461226227978 0.32441865488149807 0.17284221974908026 0.6868870974775025 -0.5777880427437285 0.06512938307906352 -0.23726652578521756
-0.18085866475749154 -0.545671571877297 0.013483154349976706 0.9722304012640733 0.18998557706524527 0.2536971369604917 -0.7719556561927855 -0.3907028514623453 0.30229950062525673 0.13756683030162528
-0.2134712326798738 -0.6944249516685365 0.05178223435233828 -0.5901093428889777 1.015908166980124 -0.3628042260481933 -0.2253754244640767 1.2114662760008172 -0.5648853808237945 0.5667907821850956
-0.35926449615443506 -0.3147600474201223 0.18105168902032334 -0.3796087697954622 0.7907743389486778 -0.005951888918346805 0.1022087603325465 -0.41416079992532673 0.15221414854436835 0.14970581925861148
-0.6946860547904076 1.0355601758673223 0.7155971046837202 -0.28665897450510686 -0.6370597633600911 -0.2897151527577652 0.24754126900378348 0.04842217598170764 -0.17192179421742726 -0.511743569444932
-0.12645418750851842 0.42221850941079786 0.8287906049451391 -0.015642258465471435 -0.7984455698057797 -0.38914520936271724 -0.34096376971655257 -0.06081697351748742 0.41551583407230125 -0.20240669101011816
-0.1519215599783493 0.5704129694471107 -0.2576763656637318 -0.6630030807453626 -0.3082287072303868 -0.07270095935225038 1.0664716634424996 0.07520877127938808 0.03855215585651377 -0.18940435052494659
-0.39210673381206684 -0.03982436610443777 -0.2461409751114701 -0.5561467101453698 0.6959561760971616 0.5987966568090521 0.9655222530107944 -0.40908507976754166 0.12249378690655119 -0.3892685901198903
0.49622538258507903 -0.41839867628993505 -0.271496337269959 -0.333137477444668 -0.562885446703789 0.5042542369600514 -0.844909001327004 0.2470467528191563 0.5818040403326928 0.6511385561457297
-0.0030341243483490263 0.544164432591202 0.2260681665225592 0.0034479895192914356 -0.24320966479137712 0.5715493213503801 0.9713206227487663 -0.3112199457310339 -0.4960169979406972 -1.1002570053192544
0.9892628454386956 -0.2921887927899482 -0.6636171796943543 0.1289225607410054 -0.2876345631017827 0.8157887184264759 -0.0632780067595198 -0.24512363012858226 -0.5789390147180549 -0.10410656932437747
0.19626309147980753 0.2987550483792742 0.1524325969595073 0.4892494442961791 -0.47247087402392274 0.5348933242139319 0.35959489274168926 0.1368473155627955 -0.7966145132457731 -0.5069111365363957
0.4008247629398828 -0.8243658323430513 -0.03935760281779292 -0.6726604295756025 0.7939688146103823 -0.16907828317927806 -0.2755535929705103 -0.15965559711564678 -0.025577595582137395 0.2784096166313173
-1.2555975042215872 0.9800401487875644 0.3186768342498047 0.7530517018844257 -0.5154826271559717 -0.6798947564874214 -0.7572604565450813 0.3569016145966561 0.4897437063378919 0.014993148486397602
0.6769101934949832 -0.7477841415908577 1.01436831600528 0.18203316106728906 -0.019393219076399258 -0.28196762911782586 0.6476355599946594 -0.11633346870242693 -0.6910517721920536 -0.4283208289572647
-0.8109304839287488 0.1652720500784864 -0.5108537072138001 -0.1466392470285748 0.4306590919224319 -0.09067838739792657 -0.5680662401340525 0.2510225611269438 0.4392719030769618 0.6478214667879065
-0.4597153052107418 0.12610776569824547 -0.6181980500134101 0.07237407382985984 0.7505828606129271 0.2839692442748342 -0.4415530528276884 0.4058295463686547 -0.27666202582435817 0.6672184909847088
