0.10493064390581068 -0.012597554572949561 0.022166026780308826 0.014662756298093963 -0.2471872538805146 0.14302897847949475 -0.06429036526330655 0.00039862833540199735 0.1271522636955197 0.08142908313097982
-0.05746066278689994 -0.24876758370010918 -0.10273671090461257 -0.0882163268520614 -0.06458714556754873 -0.16377154151183376 -0.03942071223082216 0.2506353247376867 0.0413453346005389 -0.03611169961269903
0.006620515484277169 -0.03558808297677149 -0.23249062978915871 0.02086903081004265 0.04583422786661284 -0.04333793411961776 -0.17483084037276198 -0.037723694808873366 -0.19237704832849345 0.1924396174934263
0.0766949115852804 -0.09556833436382667 0.042884567260942835 -0.2817033173366157 0.0707807260063556 0.17380096316975155 -0.08024389668186516 -0.10782672040076122 -0.16050590280580976 0.2245618521925594
-0.17234298942380535 0.09090907284609945 0.06256436290525061 0.2996367598173016 0.001532013702043809 -0.03430740047561671 0.0749444138016282 0.03562993653101185 -0.11733704871184775 0.03125459073148363
-0.15978868414168024 -0.08850018580352707 0.13919884614250164 -0.039927989729881264 0.02816310468267037 0.07976212616541345 0.14558731770692876 -0.04460420774824378 -0.31171108894941285 0.06763449375518799
0.0630906781026192 -0.14838078541155467 -0.11301688618660402 0.09805653981409275 0.023974669915453852 0.11898226536058411 -0.16859148830889542 -0.050635958245110656 -0.11120221478029124 -0.06405962657634473
-0.18341374037763125 0.266043556303628 -0.08429618764271896 -0.02822994961671966 0.027404699680931476 0.003955544948924061 0.04059768083937257 0.014016378415651272 -0.3090154076753691 -0.01303371971497452
-0.08243380542016673 0.16284078905705987 -0.1381919642538218 -0.04890283265021433 -0.1313045474557963 0.041963255039260926 0.04243940680686606 0.08459400661986635 0.028962676393558116 -0.18660972707468262
-0.1226716009762087 0.03261664390300205 0.11784874994377723 -0.21067592565994925 0.16563972420249415 0.08149556144496488 0.19430718028223826 0.1899083205411439 -0.01999559057089193 -0.08749590477078693
-0.21475208073878682 -0.11942591625396848 -0.11336131454998487 -0.03157488067596905 0.042690480058881666 0.10075260174785734 0.21976701872883375 0.18339975573882372 0.030050476337641248 0.05089640259835019
-0.1733591362459097 -0.11704488761239586 0.11880115231692163 0.0077775499712998295 0.031909224597069005 0.1261959588079305 0.1970351041755787 0.14690680442624188 -0.06300411104473842 -0.0817820357568554
0.03749709983544067 0.09557690312356382 -0.012487914265354876 0.10438274312202055 -0.09156409255589976 0.13431997095534406 0.09949463275661781 -0.22812428490330378 0.2733034653259025 0.1760876924613963
-0.004532946897715607 -0.014928927744322763 -0.1327093567219601 -0.0502546617836061 0.13455324558674367 -0.052553813123380234 0.03806154947969836 -0.04429470109070198 0.07567507073408061 0.11377873664067567
-0.042898416566307426 -0.07449109677256195 0.034056873696269814 -0.17948023591000953 0.08870196760840875 -0.12055842076547055 0.10007114155758355 -0.1932472876073313 -0.17554334756730103 0.10207719975825864
-0.07150252670052368 -0.014421521340281289 0.000545172397063608 -0.0011593929419565438 0.12790028175298443 -0.24354545640031275 -0.062004342939290344 0.0142445665754479 0.08862262938056956 -0.03571138551966479
-0.16276438791771192 -0.0030611140194003366 0.028233624760307593 -0.008831094471339609 -0.2374086668237096 0.007086815719923426 0.002723854838410759 0.12992806340047672 -0.017465900023358256 -0.08489068994191275
-0.08265458288294661 -0.014811441258227663 0.06226986082443442 -0.23816001338421255 0.08067037351966111 -0.06281133600906036 -0.04370911292285815 -0.0884318322823384 0.01327231298471408 -0.18819957121710584
0.03177466046833932 0.09684487427912847 -0.025303673347970547 -0.10097407569179093 -0.10292816126971431 -0.11200516059817517 0.05631291923391345 -0.038957382010950954 -0.07869161728173724 -0.04860617326810844
-0.20689268057889756 0.05211938900434238 -0.10434114371449035 -0.05971379224865901 0.06650174102163732 0.007715306536538797 0.07353526966099581 0.052193822393207225 -0.07823976696280244 -0.012786012867832612
0.03989579207079138 -0.032908176235621436 -0.2990635701988333 -0.1359189585982558 -0.03919122429028143 0.013401802594468451 -0.05996036174738459 -0.05966351939348118 0.13234832952311806 0.21003420699559422
-0.09085286112240563 -0.0031921377064034286 0.07846512225273328 0.05639647619449773 -0.129377969931396 -0.185967543131073 -0.12181181322931244 -0.04213989722699522 -0.1689047373259859 -0.04961233145255975
0.08934104994319028 0.12120278863013113 -0.10743940746319111 -0.049899155675751296 -0.03673907261497623 0.2392372114878804 0.05854183904787293 -0.27900916473560783 0.07575221804565122 -0.01537324646293393
0.02844802699751674 -0.12920774929538237 -0.02010992533999671 0.056047254739442526 0.06115484321010489 0.10159939951485428 0.01805890296125887 -0.018376700567691764 -0.11171088164007537 -0.0005615109502019275
0.08138889198683577 -0.20049295021781094 0.08029991690549833 -0.1395136816177129 -0.02921545452316915 -0.20159859199237934 -0.3004197469238436 -0.055137716923451326 -0.021201587518116315 -0.013061481233675783
-0.05702833552319823 0.12175886165327265 -0.11777227301777697 0.14279129363028922 0.0672664916081005 0.08895426661216248 0.10839726080960028 0.191597418985772 -0.21705323877765992 -0.24868576764213723
0.042052486703040015 -0.012438038108291959 -0.04790032602032053 0.0013423222319505063 -0.08279525757979797 -0.03058536160114706 -0.20735541389594825 0.031872292035995745 0.2820591793182297 0.008636813940354785
0.13999526688050576 0.10431350477346873 0.2514614254223079 -0.11388942505726223 0.2618969340723969 -0.01527248974083286 0.00014979888731118642 -0.07822076147928797 0.10293568257034666 -0.1062587330804507
0.19385979365882267 -0.02495267757452316 -0.0813252459863118 -0.1587355357252807 -0.08317457415418927 -0.036835362124338675 0.047413231029209316 0.13183118059544557 0.16304507294211296 0.103503231676308
-0.12597868354868394 0.06026344669312872 -0.19375266888692821 -0.11990207162569233 -0.17282219866255352 -0.028526564303548285 0.0573050961231729 -0.08620426994854824 -0.04858374519927643 -0.18773635976477504
-0.09688303569716453 -0.2204876151469548 0.012060306590617478 -0.04828122484072091 0.04228536446350959 -0.1493917101112915 -0.09534796482412276 -0.1338420221818565 0.05148836159108602 -0.07132215946220423
-0.013101065856407246 0.022053846065587156 -0.29114402856824523 0.14636650125435127 0.09187953775915603 -0.0672375561464471 0.012501623414758833 0.039015759242719425 -0.044123780269431076 0.23864043171335475
-0.10019163166376534 0.21383291698477913 -0.09512766474412011 -0.2104538529604451 -0.09793071423061014 -0.349865312927064 -0.1863216828787214 0.037057903769430085 0.047924472032363365 -0.1476310137857219
-0.014589528723142316 -0.25906213800323186 -0.00974872043582184 0.29130787139835124 0.18647445908581223 0.005423514699757641 -0.10957050433830778 0.001518885323642489 0.02055309227636983 0.07471685332514783
0.0682790151911596 0.1050091423016578 0.13094823347413323 0.01222569997511892 -0.10438620342244392 0.06141247240867619 0.029772797134635303 -0.05316996414700261 0.01724196281930654 -0.25674335314197144
-0.06019038815270497 -0.14739134181975608 0.0033232433873542754 -0.11735157593454862 -0.4489364813685463 0.25522442069453055 -0.12164458051473886 -0.08476230675746167 0.01874933320551015 0.17388581515731166
0.027898179289796182 -0.23375595148373668 -0.005208336751103735 0.03716106879707995 0.16355810320367115 -0.07643318601277123 0.039235298123950504 -0.21293093838942226 -0.12141213203838822 -0.04124477186169306
-0.16349149295454626 0.0586409593327048 0.14696346963698176 0.06952012034489323 0.09449175181356662 -0.05559943139416587 -0.2733856138865195 -0.0512479039631663 -0.07209944587991747 -0.0003950180693950179
0.21584696514831442 0.02578749816580297 0.039851072104962505 0.3240775047233715 0.09414383166487701 -0.04113342294433139 0.004179218387612391 -0.018820269120847832 0.06874675511232128 -0.05581124954203913
0.06384709971347544 0.014693117911062559 -0.12869497059992116 0.11256063198314971 -0.016045637461213163 0.2573134529291854 0.13104562683263415 -0.10343893738923877 -0.010939330341443914 0.16011367727737352
-0.1192214944938422 -0.079761012904263 -0.13995469957165146 -0.2249369655925599 -0.10491814404020643 0.10906636274792084 0.025899943681534608 -0.08699022760322625 -0.03665038515925562 0.11681873303002263
0.2538394803769815 0.041693661972274934 -0.01833756685060251 0.11597061607032182 0.08164981471316955 -0.031519053101098794 0.04313389503656018 -0.017446573609874876 0.15722088901230227 -0.0007954855460142099
0.0842231548959512 0.1679122821842403 -0.09259803632630555 0.03295866585558112 -0.036085287316269817 0.04086628895187465 -0.14142844729678833 -0.08754551890708943 -0.027183949462100853 -0.2163277345333336
0.00745258388469597 -0.018380925831751063 0.20058455137162856 -0.007360801991991826 0.05635149408184509 -0.2062897161108159 -0.12172398982665922 0.23964665759092102 -0.09727178945551528 -0.07193530496843567
0.0750181679544532 0.05020965971704259 0.20391694402320334 -0.17242479349216655 0.03565608918850842 0.008716698078008808 -0.11791857914255563 0.11081399703273656 -0.14679572732580015 0.00569978225148755
-0.1552147966585326 0.16579138216943665 0.11464662582116934 0.11154194238262065 0.011782033955805973 0.012122224852911388 0.2208166898193949 0.1955644856656285 -0.002883820204560549 0.1660969152960534
0.04682449809714378 0.05040241034938407 0.043043935785710793 0.04192611511456961 -0.13528704452629203 0.08257218799329843 -0.07264767947228375 0.25002953672532163 -0.09911845208971219 0.08036678490498135
0.09513621179666633 0.10910184081909835 -0.01644948340197955 -0.11443579611846992 0.06721798028361657 -0.17513094963618867 -0.15618907813146649 -0.015452834403712869 -0.015265506686301372 0.02410394178469214
-0.07345767258664261 -0.004176218280391661 -0.16400717905411133 0.028943080704049003 -0.019914745461419175 0.00547394764319626 -0.11435457071247829 -0.014488092457824975 -0.04855773214831533 -0.0980735424398525
0.1451118174106113 0.01881233081823266 -0.09919283743931935 -0.09974773641752724 -0.1287884456409909 -0.09293451022111536 -0.09651080233694287 -0.05489077386693591 0.08717905104808485 0.12715074932784465
0.06159569237133708 -0.057054429242282725 -0.005363752416027827 -0.15815157806688615 -0.0975758484788141 0.04390352548132177 -0.075780091284531 -0.30630093412383563 0.12329555986736564 -0.024964221668218777
0.182843037431608 -0.03333308994743002 -0.17866493183713636 -0.042645425462890976 -0.11557809466995075 0.1154124284356371 -0.05908910595699542 -0.15382399571685934 0.18322911125326438 0.09246484010545325
-0.1717838807329395 -0.009378600005018256 0.1710762623089558 0.05171173587468414 -0.12514377206732955 0.1091136306004445 -0.19819379779730564 0.045646735680500476 -0.012944322606852365 -0.0330464876471348
0.03840689518299382 0.16727239601924715 0.018657536502750448 0.03964984161405644 -0.0844745898648468 -0.3499193172135565 0.14136186750307977 -0.12525912463592773 -0.11461820908789169 -0.09790232384295848
-0.06441112626932097 -0.006670156468710408 0.12474287215847171 -0.08741368931144984 -0.15376942869346327 -0.041932287741355455 -0.13827095447151513 -0.09891544895248622 -0.014390097982949731 -0.11598105669078504
0.038185252954202095 -0.05459336284395862 0.02466176762323948 -0.21035956256165564 -0.20368006484663476 -0.07888257224775731 -0.11752271092799706 0.013813041482356672 0.1643626178507993 0.10195877877821646
-0.1177202620174752 -0.09567389321232433 0.08978173697579121 0.02487304930887728 -0.23685537571675458 -0.05427535936278049 0.022257033686237607 -0.07199829750094057 -0.06304199465314254 -0.015049157203079611
0.0073745008351140205 -0.0814503846799443 0.15754171620440258 0.024175821468502966 -0.03030471956443525 -0.20716364668535892 -0.04962079077288894 0.10992811201560534 0.12698873447539055 0.11165662633366119
-0.06559195395235873 0.10019538280832034 -0.11887512150334738 -0.0672388965742707 -0.057333836197969536 -0.11329700327122845 -0.24858854539492609 -0.07502496443635684 -0.010252216360416337 -0.06929019358285589
-0.1954554731445805 -0.1847214852228029 -0.09078772260808668 -0.2316412161592532 -0.12037407044975272 -0.006606469127031153 0.11724173623867723 -0.006018676694418344 -0.28029484748196626 0.026889699919121813
-0.12568769795459184 -0.15658539430629467 -0.015424640703302498 -0.08298093932695114 0.15930594181230257 0.10792948360768502 -0.2861242838477769 -0.06619459593601948 -0.006671990953444713 0.057578384270361944
-0.04735038522968335 0.18290706768211645 0.1640885877107405 0.05194300358911519 0.04781705575141542 0.2631720937211899 -0.04942925965945738 0.22131675646191953 -0.08662249026740057 -0.09801042765577389
0.07062261291245786 0.13663302030387478 0.030264263648346758 0.1126191000378783 -0.02300754643157476 0.0069946612210281586 -0.11368156623584984 -0.08070381116570538 0.10553032794394118 0.14370872682368036
-0.09067293727257361 -0.15342725320913314 0.016435371724985867 -0.2100394063367933 -0.09510387863540232 -0.07337045867493347 0.12829596434957635 0.14751349647443476 0.16116748155847763 -0.2257570328674598
