6.689625479022002 6.172748861140066 6.166264100790373 5.894497048001034 6.559433091207614 6.217651251670506 6.223142157768748 6.61118837583917 6.064693507139732 6.803450105112124
6.010420741949191 6.148978733390735 5.637364410210536 5.711250496271657 6.427654137284163 5.9845330914179655 6.261768645351844 6.776942420508034 5.792320851555495 6.452036893823439
5.895996993019377 5.364750545864705 4.92514395651188 5.374123079158622 5.4774464378732 8.267341839195279 4.737175732580803 4.483149646257437 7.532914060977596 5.180393823361442
6.3903651976507 6.640724190036406 6.1172355171238415 6.2643278674449805 6.548721038181829 6.000063047295945 6.278702833611618 6.35679541894775 6.034640156300447 6.621086622107348
6.817950293869296 6.050922207942746 5.8041074625583455 6.686888097231582 4.624554727910023 6.764811759550342 4.707325122538473 7.072203460074893 6.0012900564547325 5.62396703109431
6.383783899515867 5.376472939547268 6.354896875556675 6.230407627652375 6.751016585154718 6.053348397444263 6.079090315512204 6.31222006338383 6.0466004310414405 6.284196607651627
6.6869370584123855 6.044709787044372 5.989756152190143 7.266790008405716 6.175714394218611 6.630594694336316 6.090621310332193 6.653914112661708 6.291865827147967 6.519177327428127
6.559045241998353 6.44997191489871 6.207924397668785 6.880852669116195 5.821318354581631 6.117742036701762 5.804168461700949 6.420106125284533 5.831058948169772 5.976649989923683
4.71024285620797 8.100421641311794 7.212455756966527 6.3262649879960176 5.343690099501359 5.794261111272198 6.415281514586213 6.463682306658558 6.732224262680967 5.81888661475006
4.850999999027745 7.7734909615109995 6.832795811189565 6.654949580610102 0.2338611564770728 4.912448896505311 7.952240868311574 2.901471598322014 5.268036959599664 1.8081272015966756
6.066426076306204 6.671384327033566 6.4543216284250455 6.303244364098189 6.1787775108457685 6.31413052199005 5.747959576611161 6.068633494928163 6.431183385487108 5.737007833439327
5.4241356146287085 5.503693840541785 5.231420160921151 5.1075074319285605 4.793598685110158 7.535899781174964 4.769954176584889 5.076929437541406 6.936900896531333 5.0719796034069535
8.141677761221217 5.990212800988637 7.50539385493548 6.02576646519857 5.784183123592753 5.517166009641838 6.991015180652793 7.403116543663381 5.674865523435307 5.7719122689534315
5.77729145701885 6.735670045054094 4.768369950203105 5.933670586991137 6.173230373653048 6.339902567971643 4.089453759996399 7.462320463016537 6.445731557958825 6.716670294795249
6.810828218592071 5.224426102456419 6.094128747312543 6.0972429976931855 6.5650357540079005 6.352748435169857 6.674919866658127 6.27903203198468 6.084801055886444 6.7709050946460705
6.333241220513924 5.895453511843379 5.265862537939232 5.950141624608266 5.724848037827203 7.039595801606963 5.800628506366092 5.67506079505969 6.582980418068833 5.808702441316026
7.405515066728948 5.157489440541521 7.16285075901583 5.892817305642716 7.10523012423613 5.663841881883607 7.840072133826828 6.06699536637748 5.616746285810802 6.624017381396403
5.7151552084735755 6.512163939611111 6.470204533527007 6.1066857138479165 7.053307861209244 5.382697715543436 5.6058404789508325 6.8635396957389725 5.9799398491096865 7.318202206421417
6.920802796247646 5.227344698199585 6.357280872478826 6.2321941002741275 7.144386370774522 6.158450375824486 6.514307903788334 6.719582731142657 6.0213503066694996 6.619284548692878
6.791685331861082 7.452904261793803 6.474816168895694 6.707877259789377 6.959161190881053 5.833817725239928 5.7194579852081295 7.4100118347061255 5.873105893155461 7.08111882860138
6.497335743539823 4.784093875789934 6.426112328704772 5.925374059753704 7.1135379107613 5.83160399092604 6.969909748799124 7.049068647644036 5.554521011879861 6.898168377007153
6.228567202267482 6.8920578530484535 6.4650377035762565 6.510762569506136 5.637910886888124 6.102875998498855 5.696584056996715 6.074437114589545 6.083694319625474 6.004155592399564
6.107047321745468 6.0854683577077715 6.272398266920442 6.836197187520576 7.254335398028894 6.3445099515821655 6.083905337160298 6.0773345416586 6.331457703003359 6.141443169863972
6.625347760528539 5.8717231814116735 5.888389015138655 6.041244641205058 4.975483004358168 6.270862520251151 5.548015232740226 5.094870039443313 5.7534593410472095 5.086512497586377
6.01601341292929 3.530776506680098 2.852243651653099 0.9069658643582299 8.109085515088864 3.7015653293427557 8.00621617011959 7.728661163781034 3.2863574043351744 7.476946266488909
6.428725968417321 5.885340271832716 6.1303424620082785 6.159118466035203 6.839541804188159 6.348423727765806 6.138425524613007 6.8791775915109135 6.23194790573253 6.697409387165106
3.5364999009714735 6.825811885132508 5.335689516339796 5.630645242862007 7.244030055567878 5.742338506773391 6.795788218075532 6.414738699105263 6.184765393671542 7.104829421246512
6.915843858478449 6.562488935047576 6.279174227661134 6.4242750321258315 6.499539824035969 5.950055233631128 6.649205945132561 6.0675529385471405 6.001542448844881 6.565991588015115
6.105993528272636 6.446134008722208 6.899138580455176 7.516991369534125 6.295160277098529 5.830638790666194 6.434185646805567 6.342064945708349 6.122869684966451 5.8017162329807475
7.360250632612856 7.251198136436534 7.2455885909381355 6.264891615279027 4.262062474325627 5.836164166299586 6.608194759182201 7.3446415510796905 6.131117430685103 5.76075035141827
6.480662380238649 4.112915087588022 7.336032554010412 1.856583664151858 7.781845741275063 3.840724045710153 8.628318711070659 -0.31208017299062524 5.813759777758788 4.335220992500336
7.028511565744183 0.1276597502611211 6.431493511404271 7.45892431188348 6.911241717786361 6.135589609930559 6.788001704699112 6.108719667390424 5.913693404489774 6.356705285165377
7.214932635085671 5.343406678499124 6.92553753092003 6.35986003830189 5.595753295422154 6.724266093681494 6.7877220272998615 5.19291355561587 6.367094999821098 5.509745956311275
6.619958736256045 5.966123983224791 5.372746417738949 5.1473790122936105 6.207311558153542 6.290058547990786 7.234501521481073 5.817476009429245 6.145427663912229 5.973492084021289
5.766928783333114 6.397458737953497 5.851079211353799 6.336230776287183 6.970288694276473 6.651130939218048 6.199717096155454 6.278373455942257 6.821263949048945 6.486737322729052
6.500043323610837 7.072550709715538 6.4054939894732 6.46217260957497 6.1540214544174185 6.561227676745046 7.127186848628866 3.9764672412964757 6.109990909262762 4.8440302917526195
5.946987765817041 7.02280584955305 6.895192059169898 5.842601805343603 6.265596397312991 6.257788259303269 6.728450514901855 6.155723115116057 6.5677197715744615 5.479131657012668
5.847361288138165 6.932006121665538 6.055711359836616 6.6562820584149875 6.8403514530895535 5.962226688345805 5.564425924741808 6.790035280785168 6.401392912918139 7.033675434544212
5.138093240737428 5.068236587197836 6.1472462678688276 7.562026330918021 5.24282023995494 6.61338444497281 4.56173410400901 5.418079090969891 5.803676837969704 5.219358240375736
6.860071312854989 5.895863816103579 4.709597173582007 6.187329042442537 5.860323981941746 6.674301709724328 5.425149875427686 6.501672632506037 6.3128030240272155 6.4271890728754295
7.484759089895924 5.162620455548625 6.471305637497569 7.89994568786395 5.21991578295004 6.773729832889038 4.028579195811331 6.595225688281119 5.460790195754149 5.720018171843214
5.416910562211591 7.015502665835938 7.176729284192698 6.456483720067266 6.3663250031819185 5.4303792832968885 6.965903327409947 6.231293844971332 5.804004551555511 6.1984813978301725
6.651385354339661 6.322135197833738 5.7915343340544165 6.773916618470907 6.382229174840919 6.547851013976327 6.583020943380147 5.921392334720882 6.008288398941432 6.067955387572078
6.110600203557699 7.585315770006256 7.704474933060839 6.7080432228224 3.630311007192635 5.269806358393041 5.6339144823623455 5.821185118597672 6.275979351438158 3.6917435074429656
4.922766120012315 5.926390256987087 6.2434995817513395 4.951813480891533 7.734591601712618 5.687454750360814 7.571368488975205 5.022571673399107 6.3992593578976145 7.082923876770714
4.53245901360483 7.195428458916464 6.546927183259925 5.890763567092057 6.840156519866408 5.682962714368575 6.433503571282031 6.606085675863472 6.345412140072211 7.051244500434647
6.771196266869651 6.825441277478756 6.676118253834668 5.699832997781861 6.464543554739432 5.994546370238785 6.3381342684320385 7.468862299563817 6.415257126234532 6.784770438653914
4.439139525391412 7.105862991276726 6.731598684860241 7.124141373874489 6.896766861555597 6.576140071181767 5.704507556879888 6.300124755028448 6.47081639775234 6.944455256834381
5.58280274774387 7.4453765504321305 7.011203374344857 6.184844467930568 6.2596717278978735 5.754766216030632 7.200878016183548 4.054947570021334 6.356139712151694 5.118136379747998
8.043169368935994 3.5430473526716426 4.733004724298165 5.220414893648323 3.827993903111342 6.457559853649001 4.864341460030718 7.527873026081969 5.715292244346985 6.171885487861772
6.7796862688004955 6.777530621504094 6.435443272592347 7.024597056861922 6.403422365549498 5.948016763428151 6.332009009839989 6.591250736897364 5.896141819727457 6.626514401159155
7.1710939098040125 5.1013049957749255 5.808466325237988 6.875267632437195 6.251933873323935 6.235557142965968 5.586704431530677 5.434990774925906 5.571454233087925 6.0252233514254945
6.66230477035774 6.078335866357357 5.039619966457925 5.629477028307917 6.971372083110721 6.748803304055595 6.430758423411578 6.044854651395415 6.458174022046552 6.801797216354311
6.558109247412867 6.571172775467822 6.129919085352743 5.501333305941558 6.22511487543002 5.728984225657858 6.641993812099169 7.729875896593142 5.717446139009762 6.995330507449742
6.539725081239246 5.941712419337977 6.187611463497694 5.591806170191482 6.72655154302853 6.001558978229748 6.128209562139349 7.05649803282168 6.112333672675275 7.039484233997949
4.660820715142105 7.331406603623143 6.332329773239881 7.13802725132117 6.929030093910432 6.266765426577353 5.895128946616057 6.43243324644321 6.25917884319059 6.777873482123751
6.475137123051023 6.813358975487365 6.872881225744099 5.578350673039345 6.567988167840376 5.858031801611857 7.032634980655768 7.013105053622047 5.91065630303157 6.97959725448155
5.237405792587862 7.445631559291755 6.971074764062725 7.007707410770981 7.061981899682406 3.814977896824066 6.600851869038519 7.565093159170083 4.637637773983802 7.196167529348518
4.6421458333335375 6.350796816914734 4.866581879774345 5.317605537696031 5.010900299677262 7.870786371371905 4.221056256071186 4.44374345969176 7.15434529848074 5.045604693497615
7.588112927889725 5.55857028552167 6.785138048756489 6.0005053410765194 5.8780636807862106 6.16100567999571 6.414522916487633 6.1257137112082 6.256645183174894 5.240794059352429
0.09602342092800584 7.271987083982751 5.470352711523476 5.877189999017369 7.250460064137692 5.081845924837623 5.741317207193814 6.918880093958656 6.658569697357643 7.372820841268413
6.243614696369128 5.578751367398967 6.287080229084348 7.323053247172566 6.1514197521814395 6.23063120024328 3.779094849889104 6.525578473838065 6.47141158931527 6.291727665631925
6.90990452550333 5.740896957481775 6.006390960333224 6.687215076924633 5.8942496522449135 6.934028006653985 6.12823327199055 5.582847434869781 6.312880723177305 6.276753199566102
6.385607430863577 6.83182660525793 5.845114679896388 6.3090747550058115 5.89886395543113 6.810192129538979 6.010312167275659 5.510920121196546 6.819602882679231 6.0398186962327935
