-0.14210505173407306 -1.0236593159401368 1.269747297583811 -0.23520268927800117 -0.09621773363337265 0.023719898624151907 0.11779166695744347 0.36083104597514176 1.029241073514377 -0.15769321382497437
0.3476769629127071 -1.3999637972928087 0.7269524273762344 0.5219359797800118 1.775740070709399 0.2661588269384244 0.31103777203182914 0.9309603164967992 0.9999400786360406 0.11386352546486357
0.7790191912843736 -0.11236918003520309 -0.22166100481178602 0.5976945038929035 -0.5823899293470461 -0.13763032580000922 0.6744587062011397 -1.040033458773484 1.008009933687181 1.7373935939134943
-0.36186803515498955 -1.0779460707928048 -0.28327345580812957 -0.6305974730906992 -0.43294360867860304 0.5530205582784725 -1.3688835277379834 -1.3688793700576438 1.0810544842053151 -0.06466848293894988
-0.8279112299618616 0.5213833969616924 0.28631748083518543 0.6712659851285591 0.02001021768989198 -0.7751017512368522 0.4518985951231277 -0.5638920090790436 -0.4629459023270944 -1.187209965050826
-1.1113629656219193 0.5677243889532635 0.4597383960906664 0.7047856462188149 1.1025778029247693 0.154595012334124 -2.152336611983271 -2.4404840511270542 -0.2105710191059297 -0.25076456420292387
-0.5076273059281462 1.546537788325085 2.180063294824951 0.15268963327217697 -0.29200086900472566 -2.3212232072021877 1.098896454784939 0.6497700168517901 1.2617006540835587 0.44278148469473755
0.6972636034850581 -0.8687868244985962 -0.30187639157613094 0.6266338718893697 -1.3762441519529576 -0.41355302285909307 -0.5829004101173355 2.0194005018961665 0.48120935495489475 0.6136944652742858
0.5469691974516057 0.5435432981116006 -0.7444326009802051 0.2024579958380274 1.0321592859014896 1.1678328301138 0.524633452887388 -1.013485482207863 -0.36310505068653903 0.004753743446256606
0.22525495502609238 -1.0173933221725764 -0.5981285017854308 -1.2842386364695682 -0.5695909361815729 1.3747706690156267 -1.4573600037242005 -1.3659009511453994 0.385863015081957 -0.12014951767784932
-1.1606147694486915 -1.4668382759802128 0.788275615462056 -0.9646478909471363 -1.1629192470938414 -0.7823877194790088 -0.010388177783558843 -0.7340767928918286 1.5369454553011856 0.5640093703551721
-0.4256892193195039 -1.7555089787827731 -1.546311278777995 -0.09580161692940628 -0.06495102701082997 0.7349504030892485 0.5869954676200894 -1.9726556176865466 -0.7514496737983875 0.2118873123775825
-0.25020932545477564 -0.01639737975139387 1.2793209813828543 0.5356325394287988 -2.59106559497264 -1.1610688418599393 0.7133709793250121 -0.3989623669737958 0.45173549988305833 1.9223136266394194
-0.17623538211088374 1.7963702197388232 -0.8838439826127831 -1.2468910081363205 -0.41698696016647013 1.23017639192459 0.4173385168892444 -1.213636889414981 1.0415097168277494 -0.33849652701419064
3.2909971363822836 0.4271983715630458 -0.7634848248284732 -0.6074267844623605 0.09843845213580586 -0.3080659431639431 0.30379611670895895 0.4833423618242868 -0.8811070474828364 -0.9642115606442176
-0.635146275156741 0.39403621802749117 -1.3048136957017575 0.3723955317291732 -0.6178646617630426 1.0326008518880192 1.6446621591005255 -1.0994487215112123 0.43976267612701964 -0.22483813453157045
0.827683231110706 -1.5369003275977033 -0.11049446958531885 0.0486375124041397 -0.975962987080842 1.3888095791999961 0.6309720179293685 -0.6410348152625351 -1.0017601676971413 0.1899841116670786
-0.19418317343699898 0.02387040544606542 -0.46695220959031253 -0.21577845709177648 1.8922524768799904 -0.5379410744490879 -0.09352963328421496 0.3512117565854991 0.13830061524058937 -0.043742186601540764
-0.3259804585477518 0.05137862946635355 -0.15818109238546071 0.8962144897851436 0.7443436915876003 -1.489065975199789 -1.3229271576403179 -1.6453698822188456 0.3773606165920979 -0.44158150296804083
0.29459746136086257 1.3169381142411407 -1.6353316828138256 1.8031861784867462 -1.0691514516221756 -0.3333876565319471 0.3043257694395875 0.7159989878787386 -0.8702593009655613 -1.7568226272427263
1.6751572759735502 -0.9692060276741158 -0.15197053044022008 0.4420995398914304 -0.6433780472885785 -0.9306096087707657 1.2628547005575508 0.44748002044920765 0.3567563653079994 -0.3408055157533323
1.3391106342110441 1.2866303932690488 -0.29979155956551246 -0.2522278067791225 0.024715032576782314 0.35401045904971984 -0.6922767805071407 -1.3527255094797048 0.6294205935196047 -1.2587621087667524
-0.5071653267790591 -0.6584811945579638 2.8002069024236933 -1.6964317868124215 -0.2882927138083336 0.08569119396964157 0.7586578585943548 -0.19646478222212482 -0.4367423643527545 0.5685086762687389
-2.0350913369723944 2.568986955529769 -1.328087724470427 0.7799179464064208 1.6358578756140383 -2.237957171485137 -0.5379893274769864 -0.25527907799830546 -0.110850911947672 1.3878801526593951
0.8422059210907458 -0.5949591998809606 -0.3903683337055041 -2.413575569338365 1.2849651027158906 -2.8971028977608757 0.39584870787786475 1.4536403085328378 -0.6953388792682399 -1.2509594013855776
-0.018023563964925438 -0.39523141121492217 -0.5601119125731382 -0.7286568459947378 -0.10188364228430158 -0.5143579847128675 -0.32773898935853374 0.47036245150963996 -0.0888760444763808 -0.11998618242932078
-0.8039012421333314 -0.3021370815077679 1.025814624327952 -0.23738196023255936 0.6833164740794424 2.0742755695976274 -0.5899959759200682 1.243863994134325 -0.6072856998538209 1.3185925944521386
1.1293337789815705 0.6428832205084386 -0.20316995914595873 1.8042559389528896 -0.9833967925288171 0.29151301758455617 -0.12731189942726137 1.102860590310952 -0.5622796141900579 -1.8522271239366466
-0.032137207537385463 -0.6456954582164324 1.6163967667050194 -0.472139729899057 0.656566956893236 1.7686159198819154 0.3766802436580648 -1.0874595137101382 0.35304990969246486 -0.43221142302797694
1.3419935489816284 1.666420267148109 -0.7324391463998654 0.03426989869759498 0.9407058868551426 -0.36992868150510705 -0.15267739245815548 0.4108925992779661 -0.40426824829500946 -0.9905039677370566
1.218318359923216 0.07678830879145185 0.9911088863901941 -1.0402516749045758 0.4172404103156455 0.2334145482146981 -1.9838395661851242 0.6638196733064927 -0.25253904845601877 0.0955725114671578
-0.7296029393497745 0.5895311929601879 -0.06489399066117497 2.692328671760096 -1.2776870887839313 0.9486560867193825 -1.3965361843584148 -0.8684234269327197 -0.30549153741559126 -2.0071338697247643
-0.9134095536723269 1.059060060955775 1.0303412952653548 -1.2109497486158676 -0.601882244788178 -0.20636149925751446 0.4467053829184971 -1.9592742480855376 0.5725246208390713 -0.8494316695377335
0.8144124179719282 0.5919341828774303 0.33642649989254586 -0.03819197826401063 1.0100625920810384 0.9924134514733642 -0.8646936269855978 1.2211828371860658 1.557642261570713 0.11185547819390744
-0.004537067893185332 -1.6559730566367419 -0.3251363909352995 2.6762856388487943 -0.5899863803357954 -1.8315797972868995 1.3379696612623766 -0.32073980908734484 1.1055644187011069 -0.6639241591816043
1.6024365086324297 -0.12319173621670565 0.744626286191031 1.2643824294125954 -0.2826069375843676 1.1690475725020562 2.2029705917959954 -0.6385557246570313 -0.7529423258856964 0.4793796320452734
0.8834228802847064 -0.38357582159207093 0.8103756509000537 -2.0507130791456887 2.062573608601221 2.2085160455325963 1.0502144685017376 0.4746342313755176 -0.3725904102649767 -0.002625554529216436
1.644333203216522 0.6847452251354217 -0.9387041641524899 0.46954007741623577 0.9072146623731528 0.6962934341169327 0.006911306104051017 0.7346410002494355 -1.238456740651666 -1.1924381546269935
1.267671307947944 1.2715221127324339 0.043028458459898104 0.31795414355820373 -0.4913676839223699 -1.28063586799732 -1.3654645366184721 0.7976350388295672 -2.3822147167653998 0.9869824671216386
-1.1158178729790555 0.7169456088594706 0.7510943047665245 0.15058258838741923 -1.1202009319861506 0.7449999868769667 -0.20163768395041548 -1.200601065560013 -0.19421947669273992 -0.49886676617019493
0.16222572064908797 -1.9633694322295945 0.585022652274035 1.0400074518506461 0.09163759273900311 -0.8994284043453548 0.33482322747361043 0.8425980623365119 -1.7666189518994635 -0.06968836383118092
2.6050297127940008 0.1752459164629364 0.9863674498748743 -0.09020406429215835 0.5500447448739015 0.3186278756684715 -0.7656382342133593 -0.0020470223220901244 -0.5974230733812513 1.6749114305184896
-0.09590730728154283 0.8466734565908278 -1.5695411814146676 1.29145389440782 -0.9069962698988733 0.11670976965041323 1.1875478654371565 -0.7705426002188521 0.6723632318051357 -1.1307448420639379
-0.16360834858238898 -0.02810711591487974 -0.4052649381599605 -0.3333712427147662 -0.8914881666253697 1.520494040785784 -0.02180341285439414 0.12942789117474685 1.1253906015794743 -1.1870415316396095
0.2303439817951175 0.12287635210440132 -0.6782084925307942 -0.7749182974534713 0.011600493355740517 -0.9431735699320885 -0.08991700753316359 0.39711402885507874 -0.3340444249174804 0.3047197452918523
-0.9238511976408137 0.12880551535810125 -0.8111886365678199 1.421977499995284 -0.854619174578328 0.5049114444165529 -0.16225712943927592 0.1431690538486631 -0.7016152341250335 -1.0920874813620887
1.11237595541263 0.15246355380542362 1.163403384125139 0.11133788475497579 0.21207891446748142 0.34394844246887046 0.5592688329286383 0.2799981812544229 -0.148231237334742 1.8451668709627655
-0.2555500619861853 2.1960555017666663 0.5967673021503923 0.7306205691173209 1.6219380207879865 0.22444223395734889 0.09785963126598371 0.022725367838020698 1.1290924455709088 0.22901236925880641
-0.6430507927615577 -0.3393152332309922 0.4857071822639093 0.02322621849153864 0.8105322320954349 -0.224526156326967 0.40497006542525155 -1.401219927608681 -0.8500182287185982 0.25907395072897293
-0.8226566051693469 0.02949216513906855 1.1276303317984224 -0.9926673251997901 -1.8760103013412741 0.24760359899407194 -0.9133483154496815 -0.6031118123282675 -0.5182990903319218 -0.6328917593459625
-0.5111279930830538 -0.5574136370553517 0.7724138894039126 -0.7087920032830243 0.21477898253597513 0.09829410988797152 -0.9469589273788895 2.0606593947153655 -0.24613238442608043 -0.8029404769706504
0.08586620891277882 1.102250551098066 1.5735374248710456 0.2417227917331183 -0.5427826421123062 -0.6451920484696252 -0.16277231335271722 0.6250675666165555 -0.18669662870780104 0.24165038272906658
1.196205936937042 1.2136968750163075 0.27426870071008014 0.0725755119993447 -0.47843809709749696 -1.621115933974002 -1.181587793376334 -1.216845291230595 -1.3400949334613936 0.0772923556848319
-0.9984884100737281 0.898090611578559 -0.9984175496435349 1.632227188243233 0.017734582745745738 0.9206273736029602 1.7883059797767107 -1.2673684118167552 -0.7881328293302593 0.9901819126433072
-0.2536572619838361 -0.030898085682307338 -0.281341465975137 -0.2210285427413177 0.26648810652938965 0.5665995535622578 0.26570219125011707 0.08359865466842056 -1.3838303597734445 1.2797254694501854
1.0390239719498269 0.5450723666403977 -1.3564070021103225 0.16033085482669393 -1.490177531234319 -1.9235856963292548 -0.41136876812626894 0.08087240311195705 -0.4691629205068043 -0.6622587679781962
0.24722339868759619 -0.03266048324644069 0.1209741538116029 1.5211043060755371 -1.4123733798104743 -1.7218540312449233 0.21779523540793516 1.6423210734296818 -0.711476983879763 0.8609276150703777
-1.7672765372331958 -0.05436705115227487 -2.7495725465603056 -0.34872400956208377 0.6900274171414618 -0.8647909418045583 -1.8132473378578169 -1.3497940692399304 -0.03486013979736718 -0.2892976274824492
-0.004681584143636398 -1.8334307483044332 1.8012483325973663 1.582028617914281 0.9688649512238839 0.9245570209877814 -0.1102504104567399 -0.7752927799071345 1.2971940344774324 2.073464868231773
1.0418937140188065 3.3322752458391713 0.42775633111997075 1.3694171713477137 0.42613857658491033 -0.6277061930300859 -1.4792683704690024 -1.4271207300304989 -0.022304561460845265 -1.2859850784445785
-0.5637410632455554 1.4092293153959434 0.10445209217645406 -0.624706877312312 0.023815837424037735 -1.0634905665366696 0.8956926967765879 0.6170609226212788 -0.48094860683665297 -0.44518200080590015
0.610256664521701 0.9127432607867632 -0.6477748175727748 0.253730831505451 0.4860141191128123 -1.8602967079055577 -0.398731954756731 -1.4898164962947447 0.3542467789044274 0.38832678536608345
0.0612202123477986 -1.3125673654947576 0.6165067530148616 1.0068676367944225 -1.8977687629203444 -0.3224570886008131 0.20458859922486244 1.291324869690837 0.5175947611817223 0.7862369304588854
1.073534285017608 1.0047744188886347 -0.9834153478844047 -0.8592130411237254 1.0526467484955029 0.7764317498935617 0.6476484945962905 -0.6445397100222431 -0.560710684522372 0.2531816207639388
