-0.37053487450690625 -0.11654389853902325 -1.0052782402984084 -0.32116606522428626 0.4286870276793391 0.06290207470950421 -0.8825431542553085 1.285194266317149 0.1696771378646957 1.02770961205186
0.028475086675408223 -0.7783698911047927 -0.41727907941883563 0.8635359694583292 0.2958207754926523 0.6530316840812193 -0.2858473190709953 -0.7006324766389138 0.16144351070166854 0.012644345582256477
-1.2802553645825405 0.41368180747046346 -0.2968738956295511 -1.0768334343906674 1.01186282797648 -0.681484668067988 0.08721896207744581 1.1175699548895448 -0.41803476797445405 0.9427485486100381
-0.9856498544664537 1.5054097185917974 0.03806373824922783 -0.1579085730957855 -0.8631837099216636 -0.34319805723920166 -0.03819378410973513 0.8184444056649103 0.36311209241799575 -0.2528831219843724
0.6211377066274665 -0.7371059591183268 0.26105874365209036 -0.737167479732684 0.3199298266413713 -0.45357687057718404 0.6909506526109074 0.19492521169284543 -0.3073405183706705 0.22424612754157525
0.6932002724649988 -0.5970618757179492 0.2820936059670361 -0.17723840789587814 -0.509646770176211 0.4292346204046005 0.6621268822279468 -0.6600639441745898 -0.022851600246428155 -0.36264430712363005
-1.030516648939697 0.9697887942187955 0.5549599196139255 0.05767216896102826 0.039586273751693074 -0.45213281018139245 -0.248350854945689 0.42462527599998573 0.20273941505749724 0.23289131115366604
-0.6663621933398218 -0.3443225634831096 -0.01375413714254279 0.3719810635965563 0.6015877474414807 -0.1287252207442195 -0.5431528293820058 0.900456074512242 -0.2550096630514078 0.6186067361836081
0.007112379862344236 0.13359115870568092 0.5529456310177226 0.3787445463966833 -0.2245029155846443 -0.13476661376144008 -0.36520468900008823 0.6860971439338036 -0.2636874822491923 -0.530490586015577
-1.4764380243233806 1.1509300755806544 0.017507643801885547 0.7831733564407237 -0.1540625847039712 -0.10832516171221418 -0.11714360987668426 -0.9954846838448355 0.4996550535991661 0.21876670395000003
0.09951338708985603 0.016340730521354478 0.17618173938420004 -0.26989189190895035 -0.09195112844244673 -0.11451905023431722 -0.009172075289533016 -0.30608698671622775 0.07932088045682294 -0.02279085664396078
0.5496976078287841 -1.0456033820994852 0.09839237835744363 0.6487957618944121 0.21493596872599424 0.7764171819441625 0.328386236050639 -1.1804042381421411 0.23030033433940392 -0.07293467341566436
-0.10872694968061437 -1.0113908982489936 0.4493054613032714 0.01562948790141819 0.36339524648226323 -0.1592116006855403 0.484730280247919 -0.0256350308212006 0.1375416041251447 0.1157440275244214
0.7642605305871184 -1.3855667643338507 -0.3924777813166529 -0.5474056130066971 0.2683615631812277 0.055623799971299785 0.37181679077515606 0.7887044865525829 -0.30358781530218204 0.6509017135071129
0.06926076634930074 -0.057353459158944464 0.3456752595871505 -0.47866172101491655 0.6345191869358139 -0.42770918192633567 0.20572478344778752 0.14487676327532062 -0.167047556877375 0.1523097262002214
-0.0689280387279208 0.07082085082515899 0.8652285598504006 0.2914419454343195 0.29427319372098465 0.037648354630456 0.306796119504394 -0.9847904642235155 -0.21860472061111433 -0.5467154141651839
1.159539992402084 -1.2801104493254682 -0.38744096822671936 0.3794037814751929 -0.20192807780060296 0.30040467154383105 -0.024499098413214772 -0.053577051495312444 -0.346560450553224 -0.20425704873976
-0.09438365049971341 0.550842576571851 1.052750887925459 -0.006171529647997596 -0.2689109864524946 -0.0612752129256991 0.7664986009178791 -1.0657568331458922 0.14288093427856574 -0.9176815007235091
-0.2754754533578091 0.6055104721582707 0.834806096310642 0.46755321556653673 -0.8333967837137654 -0.3109626851452486 -0.22874467957408234 -0.2592279232194795 0.0975817831110488 -0.3764568769420712
0.6210949184831726 -1.094994681507384 -0.2585877019307738 0.23440080030257623 0.6476217849359444 0.5197804015372882 -0.6688663787134108 0.12117774345647975 0.10663340733861562 -0.05572210336608161
-0.05909713735712466 0.5590064886885836 0.48182388304822127 0.31316827591019186 -0.37582038193067113 0.27347756332359724 -0.025160279333898392 -1.0269312194782068 0.4161588214615757 -0.2511678214407926
0.7223153085440789 -0.35683403298166505 0.7257298507141483 -0.3885459081474199 -0.08767024486988553 -0.0840392122007271 0.38686213593365326 -0.7393394955166323 -0.02449907099857994 -0.4030627330811549
0.12306011262109481 -0.8770683455469322 -0.12375964060041171 -0.8712251260026921 1.3573817270861073 -0.16034699385264053 0.9692375454299996 -0.23877624478069828 -0.4855065964571914 0.7803779949583838
0.025458836209732497 -1.0638190852564642 0.09712577816449021 -0.7379232800877507 1.1639147417279458 -0.5759300691484484 -0.061976242029618066 0.5771699919259938 -0.1541019911658285 0.5660290682285574
0.9173949998648961 -0.8722038597872883 0.19457294024457183 0.07247208231511551 0.2589541995435278 0.07664112869895894 0.38002093401819137 -0.9601076105368589 -0.20708354819948327 -0.027239292068602906
0.18634252134671253 -0.42138669914629817 -0.40720291193149655 0.34299393273084383 -0.1285511705816264 0.1426335668236733 -0.4775929972582836 0.06558182477653698 0.11655844898325492 0.1426971520538898
0.6554572963600672 -0.5087104863606622 0.24258730801520506 -0.16160758703901745 -0.019617053611626606 -0.10809995827371441 0.06960287079358489 -0.3878788893715686 -0.014009393503854483 -0.25791920373897625
-0.8665177898058458 -0.08560914787162675 0.23064926660629373 0.12172077403630757 0.4618647010771047 0.388990643158303 0.26022454375103765 -0.8842248933639788 0.37872817228451444 0.012212945533139575
-0.5576131598862523 -1.2634262994763739 -0.6404842390668509 0.31526278439959854 0.5502747034237968 -0.24362548343974355 -0.7363831626574329 1.006868579634341 -0.28116125531701686 0.968652931545732
-0.4750369185263715 0.010401592427368366 0.11274842634643771 0.3406898786347643 0.03357910442880886 0.02167167513458669 -0.28081115793278066 0.12140508670533993 0.019244470829242796 -0.013364303089665148
0.03880562942369974 -0.7695415240275991 -0.41771054959706455 -0.11113129022054444 0.9855419693328364 0.0058049824665713165 -0.803658662588817 0.42627906950253597 -0.22383621668486256 0.6948447575022257
-0.7081216777022106 0.14289190917569614 0.5160003718213291 0.1622586189975365 0.8837248911743334 -0.3531650524197298 -0.13236673605119487 -0.38070858974206195 0.30547295291064464 0.37486752462931455
-0.5763307921290123 0.1928742824314756 0.1942388149065877 0.5501366675704371 0.11812319443616506 0.01734217001560696 -0.3759493679387298 -0.0908717968997559 -0.0011391417897462692 0.3441200549435786
-0.16323434433506462 -1.0466686004219556 -0.7358945374219185 -0.026641595084101462 0.915653556382341 0.3184619607301019 -0.3910915072761648 0.2505824048189269 -0.14348899126547654 0.9948424991033267
-0.9290909129605136 0.21387684758117445 0.14203165802184325 -1.1268800156789986 0.6115007343071406 -0.4554135149504409 0.33202489647582173 0.9644868873585256 -0.1797655236663054 0.6779312381667362
0.748909314029661 0.009792952129159614 -0.3053736191015236 -0.16680425551266778 -0.6233779628797985 0.2937794996306547 -0.09887014284321297 0.3793588479378531 -0.013093505994426807 -0.3985640062771075
0.08285029828479971 0.21816516130814956 0.3607724741636921 0.5865994456278929 -0.335877957721044 0.6262416881983155 0.18135750202498221 -1.5112527479947302 0.3504962896898749 -0.5861557232246408
-0.6335112553678048 0.4482538037848846 -0.9700560050525824 1.1250513297340154 -0.6734422737919118 0.5606943464229532 -1.1430124523783751 0.37224802142167196 0.6328481941027496 0.27133685385717604
-0.5934470745162042 -0.42384279237715383 -0.24277851994200622 0.01892332918307992 0.9621822264999977 -0.10493996652083383 -0.26674626304978366 0.7522470432356438 -0.15570497599093125 0.5692231591602506
-0.08111597587479703 -0.07434119532993363 0.0044040481216424876 0.2532434048741929 0.038181913422810715 -0.03629234558898935 -0.9734633869310076 0.6560271099815976 0.3251391027458042 0.028220954638072497
0.21509310171965165 -0.7282149841856534 -0.516034647257404 0.246606885752224 -0.027059325155583912 0.39000516182770506 -0.7029184601584219 0.4759035669005553 0.3303440249931421 0.6380916243791538
0.6393172733473861 -0.2421514705014071 -0.24385455634195377 0.825954213332297 -0.8030625089426489 0.7828969522113552 -0.04072585595004868 -0.5841043485517007 0.18659782140427006 -0.6525262962081125
-0.7744700957463607 0.9964572437914434 0.46348415731406134 0.37833874994616623 -0.0879407701292396 0.1082231259036001 0.07511798046439039 -1.3531020462581356 0.46700516949097537 0.034964075056537064
-0.1700578097242701 0.609880536680022 0.8794726169276348 0.327044779966386 -0.3247381373438294 -0.3926350439932339 -0.2651863507677199 0.11883220329256367 -0.07224026067691681 -0.4783543576284511
-0.6110242270744823 0.4439552927586682 -0.2777732042809807 0.5506403809656394 -0.6929949109253951 -0.01359547894482543 -0.42703242571478706 0.5302683938559682 0.5613851425700543 -0.2983206167283497
1.111895702462549 -0.6122655022366306 0.35645976721630024 0.39329909983142497 0.0216022251039161 -0.10102963910984526 0.21228798525139936 -0.8847682835745688 -0.31152916912311013 -0.3124573405833899
0.15760785488297252 0.24355504828460758 0.39059323732297696 0.47773492935326983 -0.12158735311526819 -0.04211619217301279 -0.20108988769034736 -0.20171213765247148 -0.18010176368824374 -0.5859258543812702
0.4514372892437785 -1.444360911024968 -0.20250627477856023 -0.382642227644891 0.16557981674054023 0.12403594257796652 0.1985891937178832 0.4743986459893334 -0.04839201373186825 0.1996527430548174
-0.7107951665136559 0.12915983451396204 0.07629649351368137 0.018341241802147537 0.5551818296848902 -0.18176957301026853 -0.07161457075514016 -0.36675663438216916 0.22546340434273748 0.2956555054592361
-1.15635318820079 0.948181947046093 -0.5677102766391684 -0.100130067475707 0.21286744018731119 -0.10216184330668292 -0.5521696858985805 0.3403939957244503 0.20931044381023894 0.48604147545210075
-0.022357259804333316 0.5247920183496856 0.537396723670804 -0.27832480459878123 -0.48601286536636185 -0.22080260934991755 -0.0068994745061435325 0.23270569761297974 0.21457809418488455 -0.29980784967813034
0.25997311775026166 1.1199977341501224 0.65500727597351 -0.12432960109185609 -0.9580916278519583 -0.012114257461532708 0.08965209862139784 -0.37563742464334116 0.13349784719028107 -1.0980136654762742
1.119384312324199 -1.2341802097666887 -0.8651838878312125 0.13186076709836278 -0.4029174375482768 0.44998861087287506 -0.7826152819910107 1.0445063605447056 -0.04583511400660301 0.4518204860670352
0.9830296996788068 -1.0853865971123722 0.14747942223764723 -0.43429226619762895 -0.023130643851896875 -0.10215858591720392 0.05750846521373627 0.31010071319921906 -0.22153139459114746 -0.16381788537109757
0.5210856370097791 -0.40565181088117536 0.6349102280964309 0.33536648344500314 -0.36441968233242084 -0.10120152428701244 0.21522829487870795 -0.17213499538573857 -0.3498702917152215 -0.5817859618969782
-0.8375346359813565 0.23630066663728969 0.06824443919304042 -0.8726854178473961 1.0177698861808597 -0.1295801503297235 1.2741313005352572 -1.0800683663280761 0.028861545305932015 0.2884750087494935
0.5933466088941933 -0.531306197907712 0.058642764885683374 0.10496516857055432 -0.2037028324953099 0.10339393665087793 -0.15598310013304534 0.06331365641643068 0.00979762549680307 -0.16915189298632588
-0.4561704463166075 0.11482393989220506 0.09829146866170746 -0.4558402005579096 0.2963633794032835 -0.13182344271660057 0.9975865921653423 -0.45995218098471224 -0.16440736164043832 -0.14967739165653574
1.237927900425284 -0.44257727301058924 0.4292077401370355 -0.16508355724637033 -0.13899375959526084 -0.023565643032015186 0.8418550479426569 -0.7557438586027879 -0.18870950283495397 -0.43479341979762803
0.4809855115058931 -0.6721211055306481 -0.20133577555469023 0.39937263039478105 -0.4870766050450899 0.331931822806732 0.30724778762415483 0.25712797677820787 0.08993445360315605 -0.24552919047438157
0.09488218633627364 -0.09267407762212994 0.5988194434180572 -0.316328626863728 0.0029506887295977814 -0.534413773544018 0.03948953086693018 0.09537846321457537 0.04283515517566621 -0.10311369394231366
-0.4553925200933176 0.07274948929962356 -0.07406191518563439 -0.572607143007206 0.4835111293253696 -0.37260327520354264 0.032314799141456914 0.8019071846252314 0.023787669459336372 0.3672538687272107
-1.3216766551917798 1.6420712448331267 0.6626273352841983 -0.42070464084060255 -0.04895830656245983 -0.5141304309934694 0.4484164444000271 -0.5046866399019462 0.21039982023522547 -0.23276335348783164
-0.11640534305799793 0.8140018601519522 0.16509899871291445 -0.14189016556036224 -0.7834046374913982 -0.06798138193908503 -0.3600581595924027 0.5461236078823458 0.06799025849962406 -0.41498074874083174
