-0.10768489575150295 0.09132268653037244 0.019970233133944564 -0.11990189258902553 0.016681809243302814 0.16620481722964622 -0.2365043952897856 -0.1681395485835922 0.25183045306963275 0.23732572417822742
0.03981445454746744 0.17834446001665855 0.07590645380447615 0.1282910647423444 0.2223875525669328 0.04448278855858116 -0.0381730978711908 -0.17379315796496725 0.0011259183322690543 0.13642824434589154
0.04187349980170294 -0.025329794637635898 0.1721398804253606 -0.24409446976448604 0.11579948792227013 0.07921182481834009 0.09699196425515244 -0.0985696815348726 0.013454247384430407 0.20966778188591775
0.017022153458950244 -0.12169200460483376 0.06358650565597386 0.03482318598135656 -0.08638066442901621 0.06245072531113831 -0.135292711662587 0.0434176890798764 0.17304596233368597 0.21873035781897507
-0.13338971128110907 -0.18420586746608872 0.01034238989292097 0.006966676198618839 -0.009677560182311837 -0.03767738317977868 0.10982206595899092 -0.08280299462798711 -0.0769530342205431 0.18579166615255308
-0.11313781963399973 0.05814383071852992 0.09426764144571978 0.22357098188338456 0.07526195593092597 0.22723285560823073 0.12248258166959103 0.0326548461831152 0.12264602146677292 0.42276161152228753
0.015365934787600188 -0.1233923454766635 -0.07297563157584011 0.10290230011630909 -0.12982288238605738 -0.09105507380723697 -0.07110251741675389 0.05932596097208479 0.1290223050687771 0.3268433679694199
0.10069309578236298 -0.04091548522203649 -0.08967788349727734 0.10933014705735082 -0.06968935707799039 -0.05944753439458938 0.08397153897296895 0.03236560696075296 0.032411830601012145 0.03833161992920744
0.11879662914343031 0.020687129719733317 0.09112795257768833 0.36764357937027076 -0.12376480079000778 0.07885398110219516 0.07558657284202204 -0.31774531132794626 -0.059865703621120384 -0.035944640463612135
-0.041452089998866015 0.0359582916006949 0.024577149243270906 0.015566005824386657 0.004859702737781014 0.13085831110231907 -0.012053561918726217 -0.1081687353874075 0.0687665515561163 0.3918091880872007
-0.042749191966934004 -0.18464532337782028 0.01470202518384977 -0.09165045984537026 -0.05266338924343557 -0.015959643033671308 0.1282052780403852 -0.004176228778794513 -0.059153704243382337 -0.1944400327716743
-0.16317642577434985 0.07464840678884498 0.10195036078042106 -0.1302855445428054 0.11688613706956365 -0.020077460016648202 0.02570589844360158 -0.09704483835747012 -0.0027197555970645496 -0.006662058383156203
-0.19878003041036216 0.06147411783748109 0.002326233257919413 -0.2259614310827828 -0.029490264011599262 -0.015396306331061226 0.049463180376807074 -0.02351659194798658 -0.04295816895842531 -0.04259641298350493
0.04502893812448423 0.02371161333710515 0.1033533639305613 0.05918028771910279 0.023284677797724893 0.12724863271986803 0.01778175433161418 0.03739412659658566 -0.13609789820152646 0.2921434972106544
0.013997737204889312 -0.28471241396774427 -0.13832068149780102 -0.07774386099065107 0.09567150931958536 0.039628103107837084 -0.12028800497394289 -0.12735481527999856 -0.12369369495067889 0.2156265073137533
0.04741477136099738 -0.14267374760903404 0.09604173013197197 0.13483028725288868 0.06697570776873185 -0.20132238959812795 0.12140348801992472 -0.14520811170121228 0.0256781160888525 0.0037995093492077356
0.02453217365678276 0.18971825944383833 0.08481662044684864 0.24537320667465226 -0.13046798135147622 0.0003041835765974712 -0.12299902633259054 0.08513929234541552 -0.10034868246494842 0.08265477903765965
0.09265866538245598 -0.0779630557994282 0.25357811491448645 -0.05694977007923393 0.2538702263672253 0.08724227491964796 -0.089226360615883 0.2369189366926681 -0.0191052168899605 0.07461065406062004
0.18653071454059686 0.05698923048181537 0.036245234527907656 -0.10926433697980982 0.15140206040666793 -0.028847567718096673 -0.07075451899014652 0.028627711843436047 0.11480211946827673 0.15419868943548676
-0.0893312670322022 -0.1785732406387244 0.20756581488818088 0.1260021645228054 -0.18110298090252677 -0.027222710471543926 0.1283491145047698 -0.004617542684228038 -0.017422161392264348 0.19572857274396047
-0.16836787800510378 -0.10280185808756778 0.05328643052899296 0.2708064328956394 0.010070120507039036 -0.023296159267468208 0.029967344361039053 0.08206641439798971 0.13739413461231667 -0.15082991764095754
-0.293807772041707 0.07587369600623062 0.07827155030263758 0.09845895153807001 -0.21075074984679723 0.02415739419989384 -0.21362375020798618 0.1333446076604115 -0.1556244559357515 0.008879780311724535
0.09809995247277958 0.06703523457041058 0.019257878208030006 -0.03358125953543794 0.07621385521058208 0.007379347855836314 0.12039504464315441 0.09119062345624211 -0.1463059608519407 -0.23202378746732222
-0.09730817215762379 -0.05582709258122274 0.0993581755105717 0.043985546395120846 0.027918835539613572 -0.0017428612433030954 -0.10728234199589318 -0.12085871784436644 0.21473657056351012 0.22531988741676034
0.21300988400144558 -0.030251335540091292 0.10358071550869599 0.1020055388017698 0.013587218117927971 0.1039442433498043 -0.06462470668616663 -0.10538206571636871 -0.02033722040482769 0.3691432865325556
-0.05602673969529812 0.05486691988754818 0.17169655826301367 -0.1186739641104383 0.041888967984685825 -0.11277071552921362 0.041909508487044694 -0.03917185644352615 -0.14825008584927732 0.27417103198643133
-0.21650038882636324 -0.018834718485675316 0.07585547228527677 0.056411950546690674 0.006028769198716987 -0.21156751406433105 -0.10196446370268623 -0.043753408834205317 -0.1942001569531398 0.15924355229486611
-0.09332110335824301 -0.25756960389320405 -0.013139535406807611 0.07140055331648158 -0.06826784552407153 -0.10375699454056046 -0.1105896921252579 -0.11654651630102865 0.2630718546827048 0.24918090858460176
0.07633440296052871 0.035213330505854505 -0.11688383091260382 0.2883970919525974 0.13241970996215335 -0.09916471952053742 -0.03382323432550462 0.02695060239072585 0.008125702086766431 0.017137345019014545
0.06944522768962481 -0.058572522529016006 0.08423581230515888 0.004018681932166813 -0.27221922827830913 -0.13907399779802584 0.04555894913696684 -0.053924717707763734 -0.10848084484132216 -0.0174822048233161
0.19514925139994016 0.09814689256783374 0.030799917363890154 0.0014235297355868644 -0.07503686101110557 0.1474003232026623 -0.039439369183371806 -0.21089067223412877 -0.11708606623716779 0.06916223781965887
-0.013964913644443248 -0.08929355440862008 0.18765299273232328 -0.14594094296603444 0.009013602708493282 -0.16365598191016548 -0.11559959553598137 -0.1282392599439314 -0.08836739673200503 0.11735715187749782
0.04574337074339089 0.1657004503906901 -0.0782381822824296 -0.0846563951240874 0.028624333096131816 0.05829063306871941 -0.023517296880428893 0.08154121320408747 0.09703359966150307 0.2781321738331275
-0.1362299567743053 -0.098703521213925 -0.06832962695678625 -0.27397763834421357 -0.028844266841662854 0.0011949950673686618 0.02440326451537395 -0.03022182942294709 0.1489249806275506 0.1456397385324264
0.008431637294209496 0.05772799475753 -0.06899804493724473 -0.06793393202311113 0.0017997871903803935 0.057206260284857285 -0.1954780825056282 -0.03454303855435862 -0.06781621905584702 0.3981155312933127
0.02868645929965059 0.07681935092808205 0.07993918292453445 -0.004448302419742815 0.042270745404665244 0.11596124244365956 0.10355989460281988 0.06759038698994972 -0.04641579367274254 0.34348446663444665
-0.061831747241343875 -0.07766980580674646 -0.09156921844762259 0.10194333604291711 -0.02640705223638442 -0.038511322629712894 0.044914240297258344 -0.03096553323665396 0.14902193239493902 -0.03915320784599552
-0.2682761104074801 0.03068366334930821 -0.07329352804544913 0.30108448588420045 -0.11355397888526655 -0.12500293074775945 0.03703163254905085 -0.040547428367041005 0.07945993161109192 0.19647493088065762
-0.12626094794434356 -0.10240352780907547 0.10016396818747392 0.16316306413962248 -0.019427261206565724 -0.0853268936425441 -0.2397778507025598 -0.16901906119126867 0.13287651648271298 -0.045510675708339436
-0.4083746847576647 0.11647287273127828 0.0703322230124956 -0.008793692197826821 -0.08305576746049954 0.0162026563178384 0.07182718748008723 -0.11309394262928348 0.09119624271571312 0.13681449555847122
0.17657157362844628 -0.16349422754719214 -0.12727092517468552 0.16222787901973926 0.0021116224970584617 0.1527199166457522 -0.013208579416996753 0.04354524723392547 -0.2163022991903905 0.14563724566784128
0.28447536100895915 0.13558216871775794 0.06496175131932524 0.008210673899195125 -0.15464116362721275 -0.07981587727966305 0.208994631081901 -0.03635197526721283 0.09276670709678109 0.10225400427822896
-0.06311157431560926 0.2829749682239454 -0.09645102864408801 -0.042043206884363006 -0.01201145066111299 0.0025687317325448046 0.13293313341429713 -0.18521357693212126 -0.052669715896946814 0.26996829453796584
0.11758149058349206 0.1658670991830642 -0.06539424297689818 0.16291355358983728 -0.10210670709640347 0.0663719054989144 -0.05127900519102773 0.09689772653819759 0.008426078485006922 0.1899017171353039
-0.03090770903312652 -0.20160630364456067 0.08125573205212455 -0.012206363846209819 0.16935197029734983 -0.012419966898783339 0.06720457017649956 -0.0718183785443607 0.22039270169237302 0.23598944123183582
0.005819732514203535 0.020972056620966743 0.07192527354126967 0.07169802291381974 -0.08249561545543488 0.07270211463594906 -0.07509442711445365 -0.12091429364937788 -0.053331901491329596 0.42043975170496384
-0.13448085500951243 -0.0021990733661671705 -0.008384803417253795 -0.07313142436357177 -0.09535278109557656 0.032133688089290624 -0.05113164609685488 0.14538443374545837 -0.16238461652769487 0.1641832582329751
0.10607740479574874 -0.1300851776351213 0.1314273423441095 -0.148819914968563 -0.11564776675370297 -0.0194273911224851 -0.04658880582740384 -0.08508196812823628 -0.08889894972280506 0.28889025315328004
0.1397185295331662 0.10119153818058019 0.1869203543614618 -0.04343092719445142 0.1369837580451727 -0.00913625633508044 -0.09481932950262781 0.042782735029044276 -0.03670564808784481 0.18939868545085048
0.07392008598279771 0.06583670552602776 0.1200540946025452 0.04227418458677663 -0.06902054122444824 0.044191536497247705 0.01421800333030526 0.05058821437868341 -0.0053836021518641865 0.21145639976983027
0.17508689919193976 0.08439762838908156 -0.08819015308975628 -0.05647786954371179 -0.012365273274285604 -0.10579231133183684 0.04559537951079249 0.08467906098084002 -0.14286219552560192 0.19913003371097088
-0.012736342887353527 -0.1999656127918816 0.11195164187136883 0.0808356758183855 0.17972294795486563 0.11683197111416299 -0.06083260356591851 0.006457782413690317 0.2545980646747853 0.12225085721027557
0.02167864914905429 -0.09521177424746488 -0.16263778350134933 -0.06261663434042418 -0.14854664194949738 -0.10485487200834112 0.20465456347150543 -0.061198438096069445 0.1422270037408756 0.5196680847223325
0.04770018024533123 0.07576911267508146 -0.1115448264728426 0.28595523428707775 -0.006803185019659162 0.05670663979795595 -0.021377236342344726 -0.2890921759228594 -0.2571682586618018 0.03892958685702615
0.010425704329500405 -0.1828358925988292 0.11791165674017416 -0.041047640793353615 0.10038178368405719 -0.00022006587514496754 0.05891817712235507 0.040597545921955316 -0.12232820643303366 0.16379874958138926
0.06132560852326108 -0.17875944513407843 -0.11482630881904424 -0.13889527695776369 -0.14424795010756686 -0.030365427533373287 0.19320086163378739 0.10904400388821256 -0.007120109271549124 0.31595278119899806
-0.10865250271413605 -0.03703970281212899 0.14940532084060262 0.019785311157933003 0.0054129429958530975 -0.23407317831601002 -0.05287101705159634 0.1915270618120548 0.03670935630946316 0.12047560310294876
-0.03853400349702226 -0.19880369998385095 0.30836711133570627 -0.019914871033626488 -0.2777241284124131 -0.023954486267828593 0.0587390527086463 -0.28683566247789716 -0.02680364512962566 0.5446594510435888
-0.012531767459298817 0.06648194619205523 0.009494541936120059 -0.014807477837563879 0.144030150351535 0.07536797692432019 -0.042821473228939526 0.40402222370484414 0.09741171903518363 0.293097605849982
0.1090681668504472 -0.0234718184640993 0.007380816525626111 0.030099458973999953 0.16003145928490728 0.1834047848580775 0.0046658837980316555 -0.11493473107960689 -0.058356459124342126 -0.10932392806025806
0.2598146529777478 -0.19289236984346755 -0.1312293282691377 -0.12653819935961189 -0.009681396361448505 -0.119898210782474 0.14397923690784595 -0.12348181216376433 -0.08149373891333546 -0.05017416373372523
0.10473144805120478 0.02698068577585294 -0.06774924719361004 -0.13026464169642762 0.09149117532867411 -0.09189575674023691 0.056278502640065606 0.06171463316381042 0.056622665409390746 0.2674326798035338
-0.01924678308968387 0.0068990232047705284 0.017205528354629924 0.18922321360770392 0.11062219378658437 -0.04974211988730542 0.08373176919956482 -0.06089163601910298 -0.04238203850104581 0.2059098402565914
-0.022345997356711573 -0.007034330869556533 0.06379850286790414 0.03316712576372291 -0.014511741312126345 0.0034306873371284397 -0.04753107940529233 0.15740413159257843 -0.03015359163298085 0.19758172433910953
