0.36445573658213487 0.45726000364677094 -0.5503490232836957 0.61951272945149 -0.6965889032192673 -0.2646881002812782 -0.2558661126997872 1.0532724505027407 -0.5751237711879884 0.3806471595509465
0.07439405087218932 -0.5112412697630139 -0.054959817448444206 0.685974191527831 0.8135353850364052 0.22499058538189348 -0.7165858538578214 -0.5583643602355453 0.18223118173690403 0.28734599402981403
-0.568555750854215 0.16754500456490992 -0.46349966313807306 -0.5598135822013587 0.5963843001992207 0.003561641670965899 0.15603617195365935 -0.7815605877287196 1.0497981312066622 0.3216342419581197
-0.4151952005576485 0.26814837580202394 0.07321085155332765 0.9238621942653406 -0.4789465409876132 0.3454076445298981 -0.5557758138829724 0.4442847125094584 0.2292400008375713 -0.6341828645715667
1.1755789915631942 -0.7046718023034131 0.9276307124356681 -1.248795406869886 -0.5213856095187173 0.08603470762064552 0.31164395441817844 -0.5318178791929773 0.7058496229899897 -0.32585529237905314
0.3152470525269333 -0.27845408624959617 0.5580114844094837 0.4991751920968701 0.022258595447198885 0.10334620075481854 0.9312464028690802 -1.1528602378122679 0.7903700247883781 -0.8548976565665073
0.46457860531669776 -0.30723874408417307 0.14408804421806043 -0.5675026911519728 0.24767463115210686 0.39403414692773814 0.46486751758912664 -0.13443631097866537 0.2722466659576432 -0.3143200293602226
0.018073499470324262 0.27206163986068144 0.5283261451146826 0.23554912658454205 -0.38707811955816374 -0.38901565187667636 1.3340948440498315 0.08718144211725042 -0.5260079667202309 -0.552710132212937
0.5480634284683357 -0.8016958927007994 -0.03205171970224934 0.5502539630701453 -0.24421247842690813 0.2550745589025007 -0.018394415904455518 0.7202633208868428 -0.8963067994254305 -0.5272027746923853
-0.38826252061108885 0.26183039073020664 0.08977678259215569 -0.1808269730462038 0.16679977466285031 0.12767276585889079 0.8840716937908748 -0.5105473851335052 0.5922163487551364 -0.4693381945876363
-0.6422472188725323 0.16862671127310255 1.0416441492887458 -0.18373639651250312 0.4376513411733885 -0.6511999932079786 0.5671969472728728 -0.3639997255882245 -0.297518210504859 0.06084510800702346
-0.5111010907401133 -0.6074795487568458 -0.1496838851854962 0.6371827095232894 0.4620373692627978 -1.0539779720682843 0.3705883725095366 -0.0007904325189787545 -0.11826165535612825 0.8506932420392187
-0.3457335791292703 0.4897578606802668 0.4008149561216866 0.2063032022389691 0.7797723162517327 -0.48257523697391136 0.4723852657568232 -0.4589378425930171 -0.04108701046809924 -0.6385786750889164
-0.8665485729129915 1.0916464135743398 0.8865331824265553 0.4155040472772814 -0.46042566428872184 -0.22331003773378036 -0.31836721830919823 -0.5083722815273802 0.35446102611911673 -0.5050023530859513
0.8675056032510974 -0.23959549548326275 -0.6003303146694211 0.8980586240122135 -0.809620126636055 0.7931538277251423 -0.5389969765229894 0.17374952894192205 -0.6626039823506704 -0.6229468717873825
0.5845200281806447 -0.49024071844005823 1.2838588298993234 0.7766156176457478 -0.5697512314565213 -0.6511643955843472 -0.6526963931411738 -0.15871439396646286 0.05679331074998101 0.19568116686499254
0.18304603600482588 -0.8807084400145078 -0.2508429565665344 -0.9888180298459898 0.5307394798807001 -0.4441690594694503 0.09578549692695937 0.4318031469331813 0.552223626436381 0.4675420929278897
0.2587639045496419 -0.10037912565337476 0.1481903748591941 -0.04432643361752092 0.1885625640515 0.125810392176077 0.6488926811702784 -0.07604596646246999 -0.8473971929041899 -0.16006521630222623
-0.10906928237763833 -0.4691142943022429 -0.45605753332334115 -0.5512955932939947 0.6807074807556931 0.22009708624593735 0.13331419907520253 0.7929844034440472 -0.23263248793356492 0.10161597758018114
1.0613281305173794 -0.4324570325552553 0.11928050747827412 0.07282794925569425 -0.25319918901115823 1.3028446248956318 0.5233321033968821 -0.7075607945201614 -0.23098052143913583 -0.8723618836542881
-0.21481983633112228 0.4758174112221731 0.2717606715870209 0.832790076491582 -0.8969260166993636 -0.2949101139166915 -0.7362010499307415 1.2121476665758522 -0.5326699797093156 0.005452641183250694
-0.4719644564594673 1.4014974690990945 0.7092938101979785 -0.14885345703155006 -0.5461705856542853 0.1632809992480764 -0.3641004750367984 0.24776232927081096 -0.14270940122876744 -0.8946839592024026
0.1785633310236338 -0.04757688645484063 0.5207484336032352 0.24462934430345704 -0.711546724063329 -0.24492973382564512 0.6247840568914613 -0.49718565841186685 -0.5139545326824053 0.20256976665662124
-0.4678904652624747 -0.5033029432162338 -0.30155275848872515 -0.5288223758861482 0.5911252759616499 0.35417461699355707 0.08961986945641358 0.9264102480422765 -1.0338940029010382 0.9821665396433982
0.6775025705330733 -0.05261670064342869 -0.12528461320884016 -0.291187273838183 0.14365433625524243 0.6426314501457926 1.099460810185016 -0.8946346224348679 -0.5968677290861071 -0.42818916354231784
0.07836965949834321 -0.43252391256971295 -0.2625354375595413 0.3952945176424252 0.08005917299358317 -0.12513855021313663 -0.43301720018121576 0.8293544716273188 -0.6611533339053394 0.9294338965677968
-0.16356436681820716 0.46539932230159997 -0.5321031791782258 -0.39199100329805336 -0.3434562299674083 0.6239458658320497 -0.5958065027748063 0.20017027488153782 0.5549991929646609 0.48047390590124955
-0.1784493865435218 -0.8994536012847867 -0.31574034475218565 -0.6708832787313647 1.018777881555346 -0.08305536532817889 0.444565762561754 0.7489325436617622 -0.7192196629863373 0.5015498210825189
0.7481371112767136 -1.0977429712144526 -0.6433933359732809 0.494590774161392 0.633946577842284 0.5813406985886311 -0.7624490548671495 -0.49343100133059026 0.5722859938002437 0.2678019502521629
0.7312312913171876 -0.6814091650760541 -0.46370359213665074 -0.102258613488548 -0.5205617161411223 0.663994506220748 -0.26456415247923415 0.07646418886057692 0.86640693142726 0.06444976419692236
-0.9216080482316119 0.3795539872874297 0.326530072013308 -0.31187229484700235 0.9264105924099558 -1.0211569246297836 0.31208428907815594 -0.5039172483125758 0.627824010999144 0.05531289461182532
-1.208089897548201 0.26516753218145434 -0.465120203156993 0.456531133122322 0.16706931505005074 0.4661348499626204 -0.7727044155187648 0.2656562013149306 0.5130678920210399 0.6309982460541893
-0.5648004193309368 -0.7950041665522548 -0.1486476090899562 -0.41817357239920033 0.45351507740864805 -0.4033549521006472 0.22762142262875928 0.2863452830502857 -0.09427323076619361 0.46554783962940427
0.5754621976050031 -0.6975825400034356 0.48401392852636166 -1.0998861615117719 0.47709527319941847 -0.5175574066599693 -0.2523504249611834 0.7443554966542899 -0.746978960142809 0.49385840376663687
0.4870446560679036 0.11075619333511118 -0.3087280821803602 0.021470238221392723 -0.38442864297814144 0.3514662657622174 -0.14044919387549734 0.6914521708182333 -0.6509556315036094 -0.19649933572735526
0.9317105773155623 -0.42838655773581585 0.03492182358995631 0.5761593594505174 -0.642294312964479 0.050407185550750654 -0.30833993626529266 1.573883404968328 -0.6695811396815995 -0.5521658074961866
0.05357838454443938 -0.8848894746468181 1.227452748966545 0.23742809374001284 0.0597440578005088 -0.687213511541097 -0.9026926130843536 0.1694981062283707 0.11154623404230163 0.8602316460210744
1.1477308374825186 -0.7430961083646206 0.07811473956310164 -0.9419743413071531 1.4158906118739865 -0.8037533662469691 0.28242944096450867 0.5095992485419478 -0.8795161912963274 -0.09771958736963463
-0.6921427051471188 0.8077630250836709 -0.4070873423321424 -0.09665187103008434 0.3803611010726919 -0.20683774059076485 -0.014675743030574095 0.09187198503333481 -0.11798459851487265 -0.08957802194246503
-0.6076339859769543 0.77718617969971 0.5891751210239015 -0.5195993478270322 -0.17460151797777326 -0.37001361509725195 -0.19784892143215832 1.2996198895890687 -0.5469164285903523 -0.45373477146468844
-0.324364502872294 0.23688095957859662 0.689687905969446 0.07000411385045874 -0.31846945673325394 0.44801727408306824 0.9048639595468737 -0.24974689689517077 -0.8221617817525012 -0.3697957600348398
-1.1992744312294763 0.8553004642275068 0.0289971525549147 0.5643091013737364 -0.23232839015898055 0.5027183363467559 0.34687644134403056 -0.27475930121750397 0.024711454261451708 -0.6260677024263992
-1.175857790222127 0.30918127347737034 0.19198476136328205 -0.003497010595744091 0.0013256634953433396 0.34157792272958803 -0.3394861537665227 0.25250292530009066 0.11733964616337596 0.10880951962437747
-0.9528259747050345 0.6186202708352151 -0.7742076106435122 0.42641364563946665 -0.9514574189968045 0.7260722381486103 -1.2246941417167099 0.08611086548355293 0.6566942782040951 1.1921061690918
0.21173378712634888 0.8053147817606366 -0.766102339209911 0.229063208332643 -1.0427628925276071 0.34976062054632673 -1.3873962344399815 0.6686684922280122 0.08276294543513753 0.5419919266264822
-0.8344531320106536 -0.24171043643108717 0.15070933778785178 -0.8501394031153093 1.0566443871907343 -0.831143796191675 -0.409085792161836 0.5531806472312947 1.0292520499547273 0.25399860380819067
-0.44610860380581124 0.28429250185019045 -0.27612839593859556 -0.463869538806695 1.018437662430592 -0.4934614143159834 0.7315489602571357 0.16686400531012235 -0.9358765612678714 0.474456571638606
0.4003772345480002 -0.32628783189088834 -0.7945511266009644 -0.04160549869913518 0.045001006808522835 0.2768022214802194 -0.22436177942634242 -0.35065337802252144 -0.013698659296309756 0.23800605960552015
-0.4838525365688896 0.36132670782168963 -1.0801493533636777 0.25589803859404253 0.4253894493269209 0.5808733079798527 0.3291612975669666 -1.0389168296209796 0.041926696244878735 0.5313624711631186
0.2988834291046177 0.4750251776220571 0.5708213303316426 -0.005249505190013482 -0.2643911569224461 0.3761337711320863 -0.6403495195705541 0.14550327876259556 -0.4373334626072564 -0.6429582051667274
-0.5083083301753233 0.10139056371140762 -0.2179234369057305 -0.17028700389298249 0.374667966018435 0.05352082020407216 -0.24319928772472033 -0.5785872455201962 -0.17224113142903943 0.7569865997051028
0.6004329091842124 -0.5202909405254521 0.4989501713592975 -0.3677846001574265 -0.6529470510659872 0.20062934809727173 0.9761070960749277 -1.1060097733604752 0.9024268642762939 -0.6403470255969552
-0.33351596383694865 0.23786195610521935 0.40809495419271746 -0.5328779614422023 -0.4037715745777648 0.42666548385130365 -0.2481607527158177 0.2262514056133376 0.5977229542989155 0.1826348693783603
0.5727403494925526 -0.43134776652344825 0.20349114435035948 0.6856036923459813 -1.0048833711393472 0.31367070916980505 -0.8073172589171268 0.7381587150342016 0.12931643744583501 0.16607919376966457
-0.3667728685933961 1.0837033761239516 -1.4308598320507135 -0.8312979046465604 0.7439630991517096 0.7355062124767352 1.1938151543338014 -0.17922217423721887 -0.7096220279897241 -0.741936615429944
0.8694890540721604 -0.8074926662083178 0.4074519536879838 0.5876214616721172 0.16679022252996806 0.04970596168685899 -0.09794539303967754 -0.7619037872041586 0.4625584740582948 -0.21456001131218846
-0.8046385456567271 0.07635561767091577 -0.2726623041454006 1.127351704766436 0.2432124653728348 -0.9245840333832989 -0.9611390779627959 0.2692129755246399 0.061234454523355936 0.9493202032762935
0.5489317870998549 -0.8655928842490409 0.3141105357880173 -0.728318505363627 0.29351693778251825 0.23440988502598062 0.531005067728439 -1.0285318986170506 0.6702651754652671 -0.36548423672290725
-1.0029770848796447 1.0372393672258773 0.5066494822326577 0.5440953423333262 -0.7666483192299823 -0.311276863545595 0.41893851295250634 -0.17301573284150398 0.7479306337010064 -0.9535914694584758
0.3119160690316673 -0.1086207406494115 -0.026243604948463145 0.24022528323066306 0.1562165174836993 0.2769464450590531 0.018376335837933234 -0.16735954959389535 -0.4450949901803893 -0.03897099157912036
0.010023484663521577 0.18158578489987254 0.6987680014181117 -0.18072181541710874 -0.5322777223107383 0.004709991154353938 0.7182302005948783 0.08742314437149856 -0.6973381482476387 -0.7984826437845676
-0.5171337914869989 0.8024145037354385 -1.0496942971873653 0.050384994310341165 0.09224311751281791 1.2186010886134875 -0.42003750586583327 -0.6363426946800469 0.6913606432697194 0.5118595510282357
-0.4272026572089222 0.5704989165342347 0.6506658855482211 1.0103292842393425 -0.31523167881644887 -0.7149969479587985 -0.7638965642544236 -0.11221731239116786 0.05616661174204316 0.17618868405451243
-0.5884791224734617 -0.45300687376659177 0.32699894265388146 0.7535831333199574 -0.6922784656603443 -0.5644761976366203 -0.8452941803524148 0.20881495969571198 1.153357644639133 0.4593122166874485
