0.049888549675960375 0.10970886251825959 0.04264873785661041 0.19229191490899894 0.1204515142053567 0.014214897032388728 -0.07422986233280873 -0.06332948716430674 -0.12750480700747174 0.1830430322612418
0.08429425801686095 0.22766279447462756 0.07469162473977409 0.1542696255883667 0.023904398308359012 0.10718584691383698 0.16773008596627634 0.14774590389412923 0.10300657034989291 0.06545704372784789
0.24795434422345175 0.0014046411512981063 0.09468254052961363 0.10223671716964242 0.19950806926844258 0.05147329248812404 -0.04500001590528916 -0.0058446471600750345 0.2050075794544043 0.14235370455545576
0.22059004459421946 0.14628447404740685 0.04145237852755715 0.31895454502991627 -0.18643745581707488 0.10764745769483519 0.2427315385322858 -0.016058336510534593 0.1314992061379757 0.06868775475145096
0.24327517282187056 0.10123391701651077 0.1476125335915184 0.22996600046910562 0.25404777041715837 0.1499134563014117 0.10086465566409411 0.33606895890671323 0.265034056304709 0.0057170994321656884
0.09224610661054668 0.12137242251332529 0.16748766093776085 0.28099933564831403 0.19352337621549545 0.10884586935585147 0.1151516234001081 0.1703303933890154 -0.04612498138927588 -0.0414333929983069
0.20521534503090624 0.28108235980876634 0.1330545600968301 0.3142223187180143 0.20102478073175536 0.23783230809311254 0.022800557605174528 0.30760237895124004 0.21598054393088734 0.32061921386263886
0.09799152564632876 0.1844319166749526 0.07862102887003532 0.08798940825817488 0.04649661270582263 0.29797317419502506 0.16754992647538403 0.22211702795406713 0.1553396257026681 0.11002443944501712
0.2353618125104573 0.1630408698028046 0.04472630438212224 -0.04814892746958087 0.32503839377527244 0.14786155005579452 0.04806504533538631 0.252156859611084 0.10943797454151404 0.1098776955727043
0.13935997194274694 0.13687841552143873 0.25677658999985076 0.1794264381930167 0.09253060033176704 0.43074121927978515 0.031008188763412298 0.15578627767117087 0.24044283723843057 0.2443502078353761
0.09327829058439122 0.11448822940835672 0.07934010820683854 -0.07993773673339355 0.1784476629970153 0.2882799881547579 0.15993220064645186 0.17663436033010677 0.12298891003959204 0.07249332419236942
0.34371900734822525 0.3305789312688345 0.04977210293836617 0.3042139055875526 0.21498101606023795 0.13163208297085752 0.31429248960445455 -0.009299809117074264 0.17147992888927394 -0.14109106558456178
0.2918476109475115 0.0991315134147559 -0.1543199965546028 0.12105920020718317 0.06053149864166115 0.30062837087963745 0.028344856494479726 0.08732093139193568 0.04629818878825536 0.2507826499796456
0.07008630648180626 0.07222993951150002 0.15191676072240393 0.14123318627877293 0.19661499053311735 0.022410374631014782 0.02914092565582274 -0.13477859737222772 0.05791689715716682 0.018983310740335615
0.0003928259746332146 0.09788935836974073 0.12281220191633231 0.12228648925491267 0.004676090924214567 0.18612189328095893 -0.2134727530713439 0.19294213935729576 0.05335302680404142 -0.0819048325823167
0.01388534245810729 0.24206998710728203 0.2517730498484615 0.3007412755867176 0.17310274794422512 0.11623815826303188 -0.029887683973273783 0.26566128369829 0.13040731046876888 0.2146376986109477
-0.14605829447642266 0.1682997752574511 0.12018597221900397 -0.031933462072783546 -0.2477710205769757 -0.054445994012520954 0.22711211214631902 0.09223437192254091 0.08929844179029219 0.0955065015212114
-0.050895433142979715 -0.09466669911135896 0.3338974071139207 0.33629578590065534 0.2131849256196183 0.1668916595358858 -0.12373621840254384 0.04902900411757896 0.10308551834792773 0.33931327523271465
0.03257216774494391 0.021875349677710196 -0.22217372529016777 0.007215465727485784 0.14785270790508778 -0.22557906180395124 -0.08796445923891119 -0.19658571636499853 0.1703187236946009 0.12422757032573752
0.013657669396578165 -0.10559773348872303 -0.011576966393121686 -0.19090871311320193 -0.06247884180499218 0.11308117459680413 -0.020537073498065498 -0.0826893058123078 0.007241570784788018 0.025575792494015447
0.08395955410068533 0.2476265942717156 0.05200480901613137 0.15752078549088436 0.28480160218342293 0.18543789498280094 0.2426280576525433 0.32920033460946935 0.0852596770463671 0.2473945152741691
0.3427927200090921 0.22350836867690813 -0.08472465346361582 0.21994114112377294 0.005995666063826707 0.11144511899476792 0.12732981651314565 0.1392845283915721 0.057387583861055934 0.20457753222001987
0.12287503921030801 -0.14893128627055574 0.18492317251431648 0.053407383511460314 0.03062391428416576 0.018889541308122627 0.01714569266185819 0.16872094363765414 -0.004813978536769318 0.09332662897208516
-0.0019303483647385529 0.3863229148711181 0.27645679537041695 0.012679372791626066 0.0476148991499933 0.13743691049723936 0.17585747644313854 0.15627606542069578 0.0373588354683089 0.1907686007190015
0.07873128363990345 0.023694829004249587 0.062400433229951265 0.23249728317636276 0.12369683113075783 -0.016021554236882295 0.19183335707928997 0.18699140204159678 0.24814928206031175 0.13076545303683182
0.07952356864195043 0.3379033646573318 0.40572033954987546 0.022088915703565765 0.23859533408379582 0.17434506142106543 0.40660985459876736 0.13737119975413792 0.34229354846001936 0.09826706581004137
0.20192964293711232 0.2247082971753676 -0.07251586972854845 -0.12029546015433445 0.18353155966593657 0.045761374342899466 0.22215514013523083 0.40596933986060807 -0.025516651453800623 0.30634193779057245
-0.06820428423680884 0.18461547079666052 0.38279726135250236 0.16501984322524427 0.007235897149836618 0.2221699313912369 0.11464726732853807 0.17378016783720654 -0.02247313396106416 0.04265144884365873
0.04862671255385727 0.30374023095423625 0.19311258502226722 -0.09710133429793286 0.034261704256416704 0.1669455394602857 0.057811763049151976 -0.0009089388501358803 0.3231958491345498 0.13352477789073694
0.32616718872533607 0.21757034999608676 -0.08228574560421532 0.017371860982036358 0.039128963389900025 -0.039420836709268416 -0.06031588007140676 0.10936040952167646 0.08729243902300088 -0.07609121116975541
0.25245216023743305 0.07848627596312871 0.07022263292723113 0.2068429507444943 0.033495355599823175 0.264619272357544 0.25292462823258033 0.14521979818364789 0.17569018102159714 0.16511235170453512
0.09742473425900959 0.2587743676777995 0.15032446397117216 0.010771213715570766 0.32226786200654484 0.1530996288907458 0.2963915387340563 0.13721461372005514 0.15103369475941092 0.13525892291148736
0.17276656538213989 0.18789702346812404 0.06495763675062259 0.07715185859795842 0.3122851181256083 -0.02208416686282024 0.36185808870746033 0.2552214764451736 0.18008537164067204 0.24039051711480192
-0.34133560666833773 0.045254865453066756 -0.05625231052116545 -0.0544936232396546 0.20009790831076704 -0.059419768180115094 -0.02646872239586969 -0.06101016564167408 0.10498266167898954 -0.14486608842110296
0.12032269771646423 -0.04046706924296877 0.33423899343031443 0.14604492587927517 -0.11245001383593597 0.11903845018635764 0.19149811075433504 0.020516092876314045 0.4711066595786474 0.005813379722937134
-0.019656076864280513 -0.06557811954458863 0.026740000015499935 0.1433105269461223 -0.1066259503432651 0.030053516461982985 0.005172171083787755 0.07082126939923368 0.18712560392639338 -0.07488356991275921
0.1476943322926044 0.19535289613211235 0.10218074163533064 0.09082685136292085 0.1927704412404123 0.11861060487949844 0.029087110109210206 0.21112257945508495 0.042360043790593584 0.25990631668109127
-0.03413825411506843 0.1597209454608297 0.10379107870624431 -0.16714208110342268 0.05036640380933059 0.06038012937750249 0.13582954441866812 0.11503291201512197 -0.020277651195053967 0.11510329196140814
0.0029245518999153307 -0.15792798141618986 0.17025786775548654 0.0884602209356732 0.08446729704045841 -0.10065025171868323 0.1312640050586783 0.083317810232329 -0.061257020443585906 -0.028010839823048046
0.079526748184911 0.2582561139647125 0.06754118322735408 0.22112878551898194 0.24069075096031284 0.30429271398764585 0.20939315261749708 0.28293272758535265 0.22342834799833655 0.09956688232844252
0.02104879381358536 -0.02820563355580506 0.2804412875968272 0.16090059638933835 0.15472100471445213 0.12479773474884881 0.07137660771268017 0.060288894240231095 0.2344867118037742 0.011722491404171472
-0.10642501458651032 0.025583503596606844 0.026359282674265492 0.21038995716549955 0.06666729180674555 0.1358164724130268 -0.06747462196555297 0.16733425869056678 -0.056305928429031614 0.10425639686487677
0.1968794864442257 -0.12409473400570958 0.10284488404440907 0.09834951210858264 -0.10198912197572203 -0.07951208505840078 -0.1127027911150174 -0.050150502254610915 -0.0634338254844341 0.20959665557630885
-0.13535083818099397 0.2873347817680058 0.0342401448592123 0.07442888419942502 0.014347416008647 0.21157272420587378 0.10745453717475859 0.13695950539152615 0.09108636646652597 0.32266631117194655
0.3365113179083514 0.1721530797757396 0.0891112066045875 -0.0400879208489508 0.14569405015796932 0.3632838982306739 -0.20233638713056284 0.14095199220142102 0.2244756814032147 0.24379911249775932
0.26506682822040417 0.22056359210516796 0.1806964635215892 0.3906903717759254 0.1412090511926082 0.1369419269296085 0.2598440334578002 0.14440336221421854 0.22474718069796035 0.2160480746962618
0.08366529636922633 0.04816862114788575 0.05129878485035854 -0.15667690917685845 0.049253400604756206 0.28639111250681704 0.20234627026385538 0.19879221563639551 -0.02879439969246545 0.08992505297127819
-0.04370759305859891 -0.018939430405921612 0.02326517511489803 0.2175785442059427 -0.0355319687926604 0.15091813074103771 0.10609244771306349 0.2770911469289635 0.050092006792705535 -0.03623450632278138
0.2547105472212602 0.32268971539418423 0.2826651994464788 -0.06899079630323923 0.1679495047190069 0.3452769775560044 0.10911005108288117 0.17457224544394323 -0.013334875799124714 0.1544122800822158
0.1175836381585868 -0.09694261287434974 0.21851416555192982 0.1923316280355832 0.25172947410062296 0.29264978436091915 0.2717838843123469 0.068521869962605 0.11206781774528304 0.1454440701155159
0.05521702722114154 0.30739010003486283 -0.00376419693318067 0.19415920763214914 0.24745269146810517 0.2985792305847394 0.12030619265548669 0.12234815640882647 -0.07355884746956305 0.2869272430781924
0.14619358321139925 -0.11266223667672673 0.06733796729277267 0.002228386131501373 0.059944174775457014 -0.009435840542156754 0.26096490227879576 0.10214866237423513 0.22425815890115827 0.0571730007378502
-0.09623615440339811 -0.10688607875986847 0.2711905866558068 0.26070338247042835 0.2070637204278321 -0.06471618075329996 0.042802166508986744 0.18956888156758717 0.13626003914735205 0.23936216612355013
0.11749074818236568 0.1912747326149389 -0.03926843023342302 0.06691530447539663 0.12615984528033483 0.12726698871262593 0.15366194569577385 -0.00041092707170101037 -0.08136162911541325 -0.11856379010028593
0.22269316818675133 -0.033565319657512256 0.2154593653420292 -0.0033252094728661234 -0.09165031250763002 -0.01107632811135141 0.16919575824634994 0.02407647416667603 0.07720804928579007 0.005841663695144891
0.20051467832465533 0.016272637949667962 -0.10098383137357236 0.1474785168163194 -0.012573913451014933 -0.059983131359947824 0.1876898040289782 0.021069812249221383 0.32623968824009025 0.06865525219770156
0.10802797867265891 0.3127733257544734 0.2067580428999459 0.10637203258308381 0.03359290249296778 0.22813283072417165 0.11443688642317655 0.15982765032584423 0.26033397578545203 -0.0692211660629338
-0.037263804504456564 -0.016804284949097963 0.03992192055519299 0.17318666274447084 0.1965636174457882 0.15567761693959242 0.06967552257793468 -0.21601821610979086 0.2799328650403242 0.17434446727275874
0.1628652141944075 0.06899931191364626 0.34332012680796314 0.2914813350194194 0.23550397487243194 0.19382277025521227 0.30747336511760726 0.3088880489700981 0.20042290170382654 0.08363028798502456
0.16205311505906103 0.10905743770127516 0.30660582333960185 0.02901286888621445 0.08270300904886743 0.1829656320075829 0.11453262933653414 0.20482750194178198 0.23355257508016858 -0.06706366996764598
-0.03858694754663721 0.05095158247901577 0.14225170767273976 -0.1052328051058448 0.05963808432045003 0.14260640479399195 0.1277194201999452 -0.051368835149097174 -0.0075880898987842295 0.034846844832779736
0.034438034158951907 0.0732422259838021 -0.0415458776802818 -0.3056242092790724 -0.07825578344324532 -0.012851906898187514 -0.18894559894046362 -0.052418733118578455 -0.04322387118996885 0.12064338627683878
0.2612981524075328 -0.16576879715693318 0.11505728419070432 0.2086662044200616 0.21121489632452053 0.22058563733078218 0.10113523581672358 -0.12180944799559659 0.08008418640382217 0.05181301494025846
0.4332667305748452 0.17822193351025836 0.24021185727929822 0.2869072615437366 0.12915811760408144 0.30376380856910606 0.19047271281680012 0.2780340938859923 0.02284491519573466 0.2341614670842808
