-0.0022879030534123856 0.42080208228401583 -0.3660538698665225 0.09645408507112979 0.31805529988247594 0.12215847879809837 0.3197979131505332 -0.19398354270444945 -0.554017133970859 -0.4344859591667076
-0.7187056740599382 0.5269519484213788 0.09723272404980501 -0.9922967058588579 0.6290586606728112 -0.49086398592421465 0.6580944923828218 -0.5165571810627079 0.3303832099933668 0.17375075902364104
0.92672867533072 -0.6953378507061869 0.871949580973546 0.6552939574742209 -0.245056518048514 -0.2876216825870342 -0.38289309704924923 0.23060162366895792 -0.23847821997551344 -0.13655655270644684
0.04388850831163079 -0.21124762050555093 -0.12106489145433623 -0.07545269277950244 0.13633423925533159 0.06224852979388427 -0.0778976265310006 0.15776083597089022 0.18076613987379955 0.09072308308234109
-0.6442110551895261 0.2874696515803729 -0.38532835490215395 -0.31025918136274405 0.1532441750997707 0.011816247526919272 -0.05041295357073717 0.6722093022217506 -0.4667712687840993 0.15436748910052617
0.15458243767857596 -0.5903698072592549 0.40415153261955794 0.5823601977649185 -0.35719019118108597 -0.5625547758623352 -0.9126608184214665 0.4101492297233405 0.15074553308295888 0.3514775786089753
-0.6048451854977926 0.46930722113983203 -0.22963092067071195 0.64160291050384 -0.4638941220743438 0.053096142398223904 -0.3216321677534266 -0.5923160794030282 1.0140919402148318 0.06860493627873984
0.7441155903497864 -0.7780612372232265 0.7246087712341426 -0.2945041237122038 -0.5500113780827137 -0.0055932684177024804 -0.3140203505569265 0.24926978621096688 0.3774909275435924 0.24518881116525376
0.11776006171665884 -0.10552567566170795 0.2188029069876316 -0.23754199869609582 0.3309281619927224 -0.06497351161215639 1.0461513756189416 -0.4480371551230795 -0.7491653355622768 -0.2557264233582589
-0.8256875284033576 0.2951475955294362 0.511112765458834 0.030000973673647135 -0.15684154049887883 -0.10653656620531322 -0.4933676230297112 0.23080584609305782 0.6323485483810235 0.3452468115637188
-0.2297610716751949 -0.33195096133238156 -0.21477013928945493 -0.6121129191777083 0.8282377610765588 0.0999420214892453 0.6867140074889615 0.179675576647472 0.09367805030991201 0.24504582614999768
-0.08093105851297393 -0.017286775175839392 0.12338839760790424 -0.24515660589977992 0.31591253810122055 0.7353965103569267 0.4707868813935193 -0.98909988020193 0.42991280010327226 -0.6268246869773886
-0.370069858865823 0.5090245049728395 0.1346688945886395 -0.02549940712974441 -0.7025172691961428 0.32155001522961335 0.08619740814087391 0.18152529601787742 0.2128293477725656 -0.3854518621401398
-0.10525321118217539 -0.5005727302063855 -0.19293814892947825 -0.7294881895246487 0.9456030743067572 0.06910398304734919 0.20344799025098287 0.21602002108413706 -0.27787221079781704 0.7480486013599559
-0.2985353308942849 0.011491492925028273 -0.1834480676207108 -0.08908307716792731 0.9147162278731852 -0.24111050778796297 -0.06476690129804098 -0.3215634981965477 -0.014549003395370663 0.6051259677319535
0.9063554164678318 -0.6751136651531826 1.4942848941428377 -0.16116053716870507 -0.3302859378759722 -0.3805703490623559 0.8896075717201284 -0.3765742261602511 -0.20926500859844832 -0.6714024011082961
0.7044841263652409 -0.298285404246092 -0.7315867024354631 -0.4141182613967133 0.33416172653573173 0.2089031912946758 0.6949490548023755 0.2686095439720988 -0.5799404477900021 0.34543843375283084
0.30736880538680195 -0.19250125123627868 0.1584629999704709 0.17733337730553758 -0.38905835012905976 -0.3916304754971866 -0.5569529079428667 0.906949870041636 -0.5693521038186314 0.1145937531461925
0.4913081230841043 -0.356465944391655 0.2809403234914332 -0.037001194322411446 0.17995216927430951 -0.41450463160039275 0.4060640784129817 0.5589555820107864 -0.5064015517319442 -0.35223868536077413
0.8837356415889819 -0.7466669993787033 -0.21986206883048007 -0.1826958589310015 0.18158077103587306 0.31405232328371485 0.29129127888761286 -0.22240651910298725 -0.14760627561069078 -0.08411468699652588
0.09098096783782109 -0.85148152579699 -0.7728045005207734 -0.18391513646018237 0.1657306957856868 0.32716311260750214 -1.2084950617695516 0.5054293412150577 0.18494108326134207 0.9646970191300162
-0.4647029109719991 -0.09909100412474063 -0.2224967824613488 -0.4517737678712358 -0.056485206264299 -0.2807036122354165 -0.3862675786359408 0.3368921786399663 0.8848503561623664 0.515434883017277
-0.29491119222740836 0.13114722925508068 0.7282603454073618 -0.15257015082168363 -0.175568258240221 -0.15196610641226302 0.8804419529101322 -0.9159708027518492 0.7230044176408524 -0.9255525479142251
0.2947767121956583 -0.7158494989632652 0.391478405840255 0.5345315142496928 -0.21191042580986708 0.023685569678600617 -0.29335258765915484 -1.3147562415736058 0.9720167791985438 0.17225706963597734
-0.04469991751871566 -0.2740455022162472 0.07332873171775682 -0.7117323919593659 0.016522950300461595 -0.18243900786936848 0.3518306271290749 0.48401137493746826 -0.12739489389804923 -0.06105220656558638
-0.019100092147707297 0.5365741137646225 0.2813727156420077 0.729518463451456 -0.6433780294153191 -0.2551047362994296 -0.7268925654077444 0.7378246398641889 -0.3494100784774808 -0.172834396544786
0.34289124264269155 -0.2032592635657202 0.3568855440030445 0.22267722849285346 -0.4000702439524536 0.16241772686777137 0.13808177153759546 -0.3849752644935309 0.08696587674379026 -0.6994718650929699
-0.8965531481265127 0.8568025048863753 0.06382655189613069 0.8568244292504741 -0.15587717575929214 0.43425917397858277 -0.6730500612508354 -0.9265499264623048 0.2726398192016326 0.26672174036513546
-0.536969283552098 -0.13447089320820596 0.10098875048878907 -0.6008076993126493 0.8536144564163471 -0.5346979674545509 0.626508720422597 -0.24062637605954637 -0.18347822849629292 0.5173985434176748
-0.2374431937799783 0.39301227000058897 -0.3839612423582853 0.2513446257726088 -0.2261871628421442 0.17426388739608517 0.4650820084967573 -0.25578732044834923 0.0194185106734855 -0.6933888054822789
-0.9985482863051635 0.619285988352169 -0.20761528339847538 0.2797161343208237 -0.13066602789700096 -0.32862607052912085 -0.5805653326656625 0.3111788905367073 0.8322482599272326 0.09504671726109927
0.1850132709539454 0.32941168352348926 0.29086230988136774 0.5542052274226772 -0.8670362649319212 -0.266908784626699 -0.49958881374599834 0.43018048230000544 -0.3559191821659299 -0.08265019742530562
0.530492342737628 -0.5123314132652533 -0.3727530557280882 -0.9007267786670804 0.5564827468024197 0.4676290164382425 0.23909211431539856 0.2786966821766777 -0.5016659315561515 0.21328184060643132
0.2800739191247665 -0.2957904894630554 -0.707317436390303 0.20513819497819374 -0.37260109546224013 0.7474211126474243 -0.4051365670578938 0.7807151914347941 -0.6038814592753563 0.41018233781215724
-0.23522685199181909 0.7299629389707399 0.2616290228766534 0.046909734126746774 -0.4005235079399648 -0.08742301486524087 -0.4405467485710569 0.33317864784431606 -0.07902884182035005 -0.3362326644707378
-0.0331402609246951 -0.3357379343019787 0.24860421560056234 0.4892549947216211 0.31892685827260636 0.18012232266097034 -0.30605775515772543 -0.5809276578079562 0.18104433121997648 -0.05255445586250299
0.9932717651253576 -0.9769369567437444 -0.2657995238114555 0.13471739780845746 -0.7035130322158031 0.2787843552968651 -0.5541772569784906 0.3577447133483569 -0.3006859322476763 0.1647973112102909
0.2892539800311404 -0.6293749166692973 -0.05430156904557602 -0.8092827225417314 0.5845185620602233 -0.307823488683756 -0.27122237106159885 -0.15329795157820594 0.4717103219608515 0.5619630001223419
-0.16217402051187402 0.51622948183156 0.800442284110147 -0.06354292376082109 -0.08907323809531265 -0.2893853751531171 0.6729741288083779 -0.22054922220191361 -0.1900231698434057 -0.4448844954627443
-0.4314884521375171 0.13920051094082445 -0.15679595171395524 0.2682700308239351 0.3001806049090213 -0.1545082219136648 -0.5015213677362276 0.2701852368647449 -0.038222289170582145 0.24861102291232826
-0.9320330992867146 0.6841819470564315 0.49607283399192376 0.8325865472407585 0.1080107961418035 -0.5158442646722479 0.27358557492704294 -0.09514295426896054 -0.1816952650752255 -0.6241262331275356
0.12674648880173034 0.20689346527265645 0.11741508216015403 0.2605271236131244 -0.9323002001800342 0.30589555775325866 -0.2142201288985114 0.057322728016123765 0.480009688091698 -0.6588014547858008
-0.06825607439081587 -0.4471938535395806 0.19393952035384385 0.08752118484434138 0.44383405928408187 0.23143011494080765 -0.11171413084366834 -0.1757308680531258 -0.38736999179047227 0.08350761452907278
0.32607577028008905 -0.688615311146429 -0.3753037542771724 0.024870960142553085 0.04596290104568985 0.4526049349332827 -0.2937728181778905 -0.724425165018446 0.5146323982342083 0.18687421832203843
-0.26835872142076717 0.6901011510526017 -0.20078576671581763 0.16253109802757834 -0.2558568959249004 0.7157341548565893 0.14256965147050749 -0.4271022949189305 -0.015291187839614874 -0.3860714577294051
-0.5819866141239803 0.763033608405041 0.1294846842128036 -0.21860122812589924 0.05229918335842249 -0.02287729490650277 0.18138853244642725 0.4819829551044194 -0.11511742367560919 0.21040502786201515
0.0574259922844245 -0.11780276132594397 0.39711863679270326 0.027575322929476606 -0.0024208487611052792 0.5569540485044663 -0.03425556611284839 -1.1421099807744692 0.6210211562474066 -0.15375980086274207
-0.5024415094160886 0.38023661476574416 -0.11540795657400806 0.7671008204863158 -0.5945944854006344 0.20238130775368685 -1.1571901795203516 0.492650675745817 0.30169185876119936 0.16503666614627105
-0.4570713010610508 0.6891103219454107 -0.41474974493876615 0.19547029343702424 0.22019910455991915 0.028827712897329445 -0.16126889746953832 0.015863698373454783 0.10967541520896312 0.14100114970901473
0.6880420598832144 -0.19600402959728364 0.17531443373018668 0.3099226122800916 -0.6471202081943692 0.4497618980480062 0.4421977185550932 -0.3416282181496809 -0.39489731297301167 -0.4974141637175943
0.3139479393675694 0.17173857214688557 -0.7256658925844798 -0.05953693967767634 -0.4404020422907835 1.1031527881426542 0.8787084461183184 -0.6822457831967802 -0.08687264819885791 -0.6104995869312985
0.16193658864090568 0.35253695439403365 0.17902926729668914 0.7215884127983603 -0.5838937634741462 0.1690380492099471 -0.281926541919483 0.4232973299196509 -0.34888470869712557 -0.4830972798029672
-0.2679410740390168 -0.032216011817891084 -0.6260643763823285 0.23365808328564158 0.39194072697772914 0.4236042661049136 -0.12559824344932158 -0.07959507417606583 -0.28657584293637056 0.2533621865679095
0.7762509142280256 -1.0349413810619326 -0.3345499073198446 -0.24336803115769953 0.41902405482873545 0.040791479934700205 -0.08105735759400855 0.44460885063355354 0.3369120295594982 0.1962664277726166
0.27574411536672827 -0.062253801413258925 -0.20758163034815577 -0.05891985584858462 -0.5541241136963326 -0.20308360062216552 -0.18092310703621767 0.1789776659945689 0.5025639116110827 0.15464279876025486
-0.3491629359885165 0.20945939292951585 -0.45403235713473034 -0.015665979060745863 0.33290129818345493 -0.3075296476426909 0.2766652101509261 0.4025168576309978 -0.3250270743595639 0.1220575451503056
0.1288315331490159 0.32864176561967956 1.152700200476994 -0.1128622276615213 -0.4609682282066081 -0.29415834013935405 0.7563941532444577 -0.6845478007250977 -0.27259212870136096 -0.42093144587656683
0.2958529579747382 -0.11877201104014733 -0.056241867279655786 0.07446587047651913 0.18287495159764428 0.07877189575371506 -0.10251460892923127 0.21459996610337997 0.03916541780572509 0.2666489505806041
-1.156688281782615 0.8686832641897909 -0.4229724387632664 -1.4711462180317088 0.931527900150092 -0.4503537755425842 0.5559343440867326 0.5034641848349594 -0.05949534612070274 0.6193230186482994
0.5515737199369003 -1.0537695804540281 0.3679835519973451 -0.4262046939694376 0.662684818934523 0.2244544986455278 0.5604415654363715 -0.4887842528857872 0.33933085911080524 -0.11575132937673366
-0.9782311209495579 0.6375904994040957 0.333640609252074 -0.060926554162881855 0.38779471004534233 -0.8688468632908919 -0.13125915999155788 0.33748315484506397 -0.5543230837733513 0.4031889963469549
-0.3628911699283096 -0.15484379711255494 -0.7377571848711575 0.20341480581372418 0.3756666810425503 0.30323875553088164 -0.026453727055735773 0.2794812353178258 -0.5224039230341192 0.4075710498956819
0.6212494394302881 -0.8489894043277098 -1.0873264515003611 0.7556906304522786 -0.3030886088457777 0.4781537449251526 -0.7885884645834983 0.41931564839491653 -0.16659177647400425 0.3616781789128739
-0.6632228750800095 -0.10534567105519911 0.07045846319352614 0.1542755442914367 0.4589147441999142 -0.0439208924758642 -0.24629241444039252 0.20539120160852925 -0.012045055848553211 0.4794218785166099
