0.07262056851135032 0.21527122280026942 -0.0912316899099553 -0.013009882095771556 -0.16102486096856175 -0.1552115155559859 0.07528712568873072 0.013227164941772347 -0.10750966290834138 -0.10272316338120156
0.33254466303555696 0.1127947541576495 0.10442995311072217 -0.036168241088420525 0.006249012899959486 0.02462969636318045 0.06646540827637197 0.004405609388975675 -0.13559239049198615 0.03475232460734081
0.13252763109367327 0.09219381638565113 0.045759024403753 -0.14615308365324273 -0.052393184504230375 -0.12530039437570242 -0.313022336762891 -0.11041349069342826 -0.137391128496179 0.16644839878401654
-0.016471378910687375 -0.08116333022299935 0.1355229551959502 -0.12161037712233372 0.039199815851903796 -0.06319974210407085 -0.04405920098043353 0.2843951718768132 -0.06752865217184402 -0.11552229244694592
0.19598898402230094 -0.19533806881470697 0.14032236086928374 0.13119440646587924 0.03833331474699767 0.01957481456959468 0.12778477648790823 0.11363794005320513 0.0277077552015732 0.11242233830436754
0.21261293805578102 0.031792686908740424 0.014148487959012065 -0.06003715499181146 0.16376219636056277 -0.20995062995480654 -0.013619579963149685 -0.07557916704727884 -0.06038658960242734 0.03535465135483762
-0.03246294717697548 0.13624090755758542 -0.09808408945006317 -0.06522711792683797 -0.0848313018550906 -0.10050166949934447 0.11365599486886903 -0.11014590559939055 -0.136516143138093 0.07399449799813643
-0.01609809960684499 -0.04360300967676324 0.2249876803959507 -0.013321397198006783 0.04576767099644143 -0.10740328062692381 -0.03660987575774491 0.028663752742971414 0.13033680897766967 0.06049749302809705
0.011593581632073835 -0.1782351122346188 0.1362185151258575 -0.2017913665461934 0.08677590477235726 -0.052151696677023004 -0.02503783835214267 -0.2941976698793917 0.11137213576586577 0.047059435727847064
0.24378741223349465 -0.11429319984968486 0.02774339077728984 -0.16485780997408675 0.0529973060451532 0.18032457267072877 0.11938547238987814 0.04843637603080877 0.11485296015065684 -0.017488944260394015
0.10261947939468986 -0.1519215760921338 -0.3302648783737123 0.08782714104483304 0.0016563129978706182 0.04407308976782659 0.13433506900512518 -0.2255973345516451 0.04312442433119649 0.023348106499108606
-0.19998593821722013 0.19867048239806112 -0.05266312046094446 0.1791519022847581 0.005242637435209242 0.08892546143406384 0.33111135263063396 0.022513938917992714 0.18028264857418974 -0.22670398939092187
-0.08299702244746378 0.008371151391599935 -0.06827872076994343 -0.129111656585783 -0.0604999592075274 -0.28586410890328917 0.16466785037784087 -0.011779372597542885 -0.005161649718952727 -0.10378142465642026
-0.025917273492801072 0.04144747887334983 0.10840688604547358 -0.16897578768883614 0.04500278763202738 -0.013380702590513596 0.05046608693568266 -0.05923389867057888 0.05894817691450781 0.021900428599147304
-0.17979447498457377 0.01077746946468444 0.1976448936642098 0.13203649440292464 -0.09909222224593915 -0.055375933323644384 -0.18118079733970027 0.13106061107674552 -0.1474218061960755 0.005869993552669525
-0.1459671946686772 0.045366493001124844 -0.010698808393562955 0.07932706092172587 0.04465469710297414 0.02900636318250273 0.009280036679883108 -0.17400898485950822 -0.08365976949292063 0.21399123804458764
-0.048301713440549045 0.004852989859495133 0.11684004748341172 0.009030671708740548 0.1660264748868599 -0.1441067145437897 0.0014465362170020537 0.017205109125799655 0.18119341907447906 -0.03701328097216434
-0.0919044918929731 -0.25552985110629134 -0.0660009162070414 -0.11813222531285558 -0.03042433875253553 0.12801608576695225 0.09935107019837389 0.03326961838964826 0.07679489442905008 -0.10093376191204857
0.10516275960887596 -0.0025831183701387054 -0.021406582605568224 0.08486478197782876 0.10549305491714779 0.04731500978465697 0.25565522135735325 0.00986585733012131 -0.03357822852043806 0.17224039189705062
0.0800958169141222 -0.08889460773784597 -0.06762342369127125 -0.19152315773463977 0.040016838325801246 -0.07647507365589983 0.016830856979200247 0.11512908693007125 0.16289176453352425 -0.1195291108689451
0.11580572467274089 -0.18309498852649686 0.032969856342402126 0.04883109348659525 0.22797621127797985 0.2443036515971144 0.051310964197244555 0.14166324945046657 0.010337687453584923 0.03992746508419337
0.15851154627930514 0.05350811214635562 -0.01913021623137506 0.09566766831727802 0.020646636930356652 -0.005777007792802638 -0.07868710267850085 0.14020804642412818 -0.08604945550113278 0.17143676233634914
-0.005808367792766193 0.03565115561776217 -0.09577487496739631 -0.011872821465079822 0.16291021898011443 -0.025770709476875778 0.03174052759768268 -0.141354402559252 -0.06153309905220151 0.1720397266565956
-0.1725917699498172 -0.15728573591195386 0.06283118708160593 -0.01378571615421447 -0.0036128946195886366 0.007726139197254156 -0.28141296620714434 -0.1837298733297655 0.10638074355314912 0.06088300908875746
-0.13408870192913147 0.11103926908488845 0.1232091157345717 0.0833223454616875 0.06879545370749555 0.027708370892382338 0.14320002101923868 -0.3720760913866503 0.016822352030457975 0.05718050621466761
-0.023071096114559472 0.20155646597387006 -0.026503045433883033 0.03583460454600709 -0.027794266511243032 -0.15687126207623786 -0.33104341935216225 -0.20277485379593246 0.009750050334766962 -0.10454992226387427
-0.06626793118907336 -0.11992084511559775 0.014526512704440393 -0.060204518578317455 -0.05178507242130091 -0.08655572889229378 0.1049098423861266 0.037083210349192576 0.32375479816175873 -0.1753362958587868
-0.05194914744185788 -0.10396351873677054 0.043956722989554615 -0.043674350406040126 -0.02183768206618877 0.09071395289681905 -0.14417623555731707 -0.2006410069051356 -0.1393983015811998 -0.01606517033683166
-0.04051703685991366 -0.11474921903102384 0.1072946749690816 -0.13167476437468761 -0.008467359085119211 -0.09600740858909573 -0.20468941897366655 0.037052113494809184 -0.10062747154215759 0.1505655446185759
-0.18726248382369776 -0.11382260370800673 -0.06466793251416961 0.018489848857251138 0.17420358343329878 0.05186260725623516 -0.1976143726867424 -0.008844384528622202 -0.04586354073320528 0.07116693297919793
0.017279782907864593 -0.0032542564216066446 0.06550630764151798 0.11534854745156677 -0.1172935147148566 0.04098655009018748 -0.02126058638521926 0.053440994482908157 -0.20626918783902085 -0.20799119633942378
0.05548278668722328 0.20496534739278482 -0.13738484373471171 -0.09225579878909196 0.08517950618170664 0.019982007214030848 0.10703554188336596 -0.13009178698821824 0.04669083155881644 -0.0025343432032441287
0.07232358502341023 -0.10459319125350743 0.2100552936112492 -0.18292439019040113 0.057627897439604954 -0.20776891264646988 -0.044889901539984615 -0.012747895790642868 0.017483726146790717 0.039069781832430844
-0.014253633657270677 -0.06931205534340872 -0.0006819299256964352 0.005619535989826871 0.05439319804496139 0.12788572098372208 0.12016245317149393 0.18697282112197927 0.12610947765959482 -0.1654583986230442
0.0026063063785812164 0.2222423084319627 0.08575444410479689 0.21556764194273967 0.10982295339555191 -0.06321356288224929 -0.016812674005896026 -0.0988801506404809 0.12575563553433114 0.06052842452828596
-0.3398209529609547 0.019535205254438803 0.029757655515380982 -0.13080246609109253 0.13806852042362006 -0.016283238216712254 -0.06862201880687657 -0.04669351236971293 0.19886048628506559 0.11731464149099757
-0.09588419243945492 0.10478147937745962 0.10383722418250999 -0.020127362988039993 0.18173479353846575 0.029813015880679392 0.0417837693982025 -0.008101836809811302 -0.002363100351270069 -0.19400449630433392
-0.07139111738206115 -0.011376381740280057 0.040419276081474914 -0.10046514520810912 -0.08717401544273859 0.03139795753643052 -0.08622899259995884 -0.24634765792782215 0.20228215279342876 -0.09283907312493495
0.153177798980701 0.2084946147424467 -0.08522820861258744 0.2611912195969456 -0.08298051329848648 0.17494593764307703 -0.07461339294040867 0.3611444318973284 0.1340995403027706 0.006547099054848084
0.2162340934815084 -0.05653640657160926 -0.10945911846198474 -0.07668610641549449 0.20497362514081918 -0.16125536330178183 0.15831436819058492 0.04227448293485454 0.1322240122921427 -0.23309575820869413
0.02303772419744176 0.0969657095098852 0.09797882520174128 0.060442149937465064 -0.03659948464526317 0.001336091241215189 -0.07864905189336248 0.23638663963451628 0.09063326579063445 -0.01213202476743742
0.09187058876414712 -0.13580831313644054 -0.12220110335481092 -0.014704965953282948 -0.12666764352409432 0.25385105379869716 0.006362283620911282 -0.06905090655535458 0.028291299782066095 0.09439815638955086
0.091399639593286 -0.004040406188003762 -0.02057615183322358 0.051619268490045576 0.12836538125448824 -0.196691957458003 0.11649944081066724 0.10490281266571455 -0.003095587486766605 -0.11405419854947581
-0.032688410463813156 0.033890077538914154 -0.12153905343787677 0.24091937462516408 0.052017584511624956 0.027999309193493086 -0.0277452600780907 0.14812641499921997 -0.038064698557360666 0.008225325428490473
-0.15212196020517582 -0.2052994804509203 0.06476226393482976 0.12848741289468418 -0.09743465323140899 -0.2544705095951701 0.03210214640628339 -0.10475050390633518 -0.22883912470664688 -0.0586036871048156
-0.17346096185573637 -0.14237676267304225 -0.1480578347568285 0.02227778984258509 0.1662520689243331 -0.1122844594804189 -0.10879031449160738 -0.04648277196156849 0.041122641339752714 -0.11000748623813289
-0.009383020164218148 0.07880127346536478 0.08750309782677605 -0.12153529988378689 -0.12249795422782818 -0.16356745244395396 -0.169911145093939 -0.2167462265833333 -0.028928882052766815 0.0916288780212566
0.04235262301825791 -0.1810988888532213 -0.12983417313468462 -0.22776577521945648 0.39609619762229614 0.14398515454070968 -0.06344400953257225 0.044739009362850024 0.029353329177504436 0.015336863240153962
-0.04158425009029856 -0.029734724850591355 -0.11645379632925504 0.10429991634068901 -0.060575621906673316 0.06592491988516531 -0.1278227578320267 0.0675277607627969 0.04523481547970425 -0.15460252487090262
-0.27974805923561846 -0.03805430511447691 -0.05631805691985094 0.181645208366524 0.042386846261891674 -0.10265573497038837 0.1663700188129728 0.12073671256608401 0.07469483840451852 0.11505426761242078
0.09357367533562921 -0.08563528402695164 0.016820204632279286 0.03916427732424139 -0.15960940644441374 0.21743117446558907 -0.10091611467862555 0.10433484386935461 -0.00019352948692672695 -0.11999803424353928
-0.07497599003774406 0.12694224907960983 -0.08755585175896556 0.07953114992294803 -0.1272623135306494 -0.08984739075448883 0.1256317213165806 -0.12888576008979685 -0.11198734537959253 0.15118272360437598
-0.002438386738514866 -0.14547499305326117 0.09688324495477328 -0.017881615569481753 -0.13509314146269885 0.022709348105508252 -0.07265031504093786 0.09374017546148257 -0.016984335148456226 0.04709552097363368
-0.2081476233684138 -0.15011168124250837 0.1543658264431132 -0.014555384675964438 0.029580390440123835 -0.08871537725908822 -0.03540148803566305 0.07831978192134377 -0.25230348745902653 0.0440373762800349
0.07556275011775944 0.08898351975608548 0.03903552527047953 -0.06371450542841556 0.006201345468994125 -0.058793806459957465 -0.2532936684737762 -0.010036803036111316 0.0994902255957261 -0.020949785987913264
0.0192146707097808 0.09423326279985363 0.023023005957091183 0.008167809808638196 0.02885134959204676 0.05712121189400255 0.04439503799672278 -0.15753931464370766 0.0998417576784757 0.2229339054601864
-0.008411837469201421 0.023551940781631035 0.09281838159406604 -0.05066522510717825 0.21715757365544044 0.08704090453021573 0.210438418719659 -0.02381875069777443 -0.0500899757136318 -0.2531251511326767
0.22701530336186995 0.02070695930178894 0.1425364723555027 0.05937665271860934 0.22055228408719602 -0.23324814253204393 -0.01611954405233228 0.22138483371084752 0.09092374820289119 -0.2708263083479863
-0.1551959047373072 0.0024740042143714933 0.04320307323719231 -0.01485875728559468 -0.260495301507227 0.10239505512182775 -0.1679529094411404 0.22686511899149714 -0.18644836968952358 0.0002698271932347322
-0.09455095413665066 -0.02201489048566891 -0.21885143537057367 -0.007919854356887048 0.10129567397042226 -0.31956131765766876 0.04718903603548041 -0.037981590952140536 -0.061083614421215675 0.10861522906789181
-0.06170360419395468 -0.10460662408654263 -0.10136608645678616 -0.05743864675703845 0.013153871672756948 -0.0017974419396072597 0.03809053366578836 -0.18786502188943957 0.11258462213768441 -0.25619796737552586
-0.01799191989438607 0.0453128918907875 0.3351043791614379 -0.051903284384281954 -0.1907918489282248 0.08157045346110198 0.009802425805556495 0.009530251540362451 -0.03395010756782188 0.14861070012927924
0.018313354775802954 -0.09541308476244391 0.13483664463303183 -0.026023546178514875 0.08424493469391602 -0.05905862580770516 -0.020697978371957935 0.018575945533584985 -0.05074561246794928 -0.07017236930086942
0.10410177782510291 0.22463284010600384 -0.04312769982820313 0.032659017352635406 -0.01963243901984796 -0.086851510811303 0.1522941796123437 0.08175004902906041 -0.08965273793276482 0.02736134771493561
